98
6802	8114	145	6902	4369	6213	2135	5454	4236	8008	3788	3318	4401	988	7250	774	8121	1459	46	2193	3734	9023	1384	2101	8134	19	2257	4444	6156	648	8744	5031	8689	4877	2230	4806	677	5308	6672	3427	1854	7485	7811	7171	4601	1200	7765	3132	4015	3214	6587	567	6781	9311	4462	6368	2085	3713	9193	1060	5495	9519	2519	6067	7037	552	8129	2430	2742	52	2485	7515	8737	1867	2252	1562	381	7381	6198	7770	7747	8154	8976	7600	3188	8687	799	6867	939	5696	9394	389	1722	1919	2231	8413	7924	5341	
8778	7138	517	4808	2819	8479	8935	8541	6843	7471	8016	919	6004	4387	8828	5728	1468	9253	5156	8438	9243	4783	4055	6476	3308	3632	6768	5606	34	8774	4576	5394	1951	6686	2201	1477	9156	456	7331	1269	3970	1754	1178	620	6985	4038	3181	533	6707	573	8614	3545	5027	131	941	1657	1018	7365	2945	1619	5066	3746	1836	2854	6922	3413	8967	2073	3245	2329	1222	8794	8822	6354	3016	43	2191	6375	7955	7513	7832	2489	4725	3853	2963	8071	5714	576	7566	1275	1690	7333	512	7332	7685	2301	8540	683	
7617	8622	8106	4635	4599	144	6115	176	8178	7612	7311	1340	7280	3369	7225	801	789	9213	2083	3549	45	3707	8814	3194	2333	6970	1796	1232	7262	2839	7509	2886	6741	9198	6123	5141	4979	377	7211	2590	286	4737	4190	294	2267	1648	3231	2727	9484	2583	3770	9423	404	4219	7123	4521	5261	7990	7147	711	2623	2872	7519	7898	5051	51	6036	216	3419	1815	8412	5834	6837	1268	5665	3297	2030	1014	398	7700	1866	7110	1661	1753	3131	902	6342	913	5444	9588	1813	2237	2688	3416	1488	563	4568	7683	
1006	3341	2234	2286	1968	6779	6289	2228	8830	4240	765	7667	6804	12	7156	2678	5225	113	515	629	210	3595	3428	6785	4381	8229	6048	1380	7978	5286	3967	2454	8548	4167	4090	326	2602	1645	2962	8066	1359	9188	5683	8392	7367	1916	8324	3494	3251	3388	7572	1405	8012	9450	1026	4241	6856	1929	4297	2116	2428	4697	3647	7207	447	3146	7627	9157	3227	6714	355	3175	3343	5867	5880	5968	8987	4503	3349	5288	4481	4091	1314	435	4062	2917	5674	1955	1506	6661	5025	5698	9139	2812	6070	8019	6877	8213	
5478	8468	5786	6663	6830	4899	884	1038	1437	5480	8358	7699	794	3049	4493	5746	252	1153	209	9571	495	6288	8582	9375	1940	6396	3263	9063	231	3765	6369	9022	202	932	400	1595	6432	936	6147	3247	5877	4398	3772	97	8266	8417	413	3150	1292	4874	3134	4413	785	8608	4458	3135	2292	9	7290	9197	6814	2209	3424	2091	2799	3558	3402	3609	4124	1498	6191	628	1111	8378	6145	9088	916	6704	3123	1400	1961	5670	5917	4795	5240	1696	6698	8070	2684	1637	5321	1790	2477	2895	783	8027	2680	8289	
3236	2093	4705	7794	7548	446	1159	3314	1644	1388	1341	6306	1417	6976	7459	269	1853	911	7097	3561	3951	3468	8561	2512	7643	3095	1599	7819	2610	436	4548	1362	875	2263	6443	5530	2972	2755	132	5460	8759	2600	4766	4887	319	7349	1980	2905	5169	6706	439	9550	6118	2609	3456	3032	4692	336	3366	5397	847	1724	1408	2866	2843	2151	8639	2348	5291	6224	1816	4067	5312	6586	715	229	479	7177	5238	29	2901	5717	923	7230	6458	5583	177	5192	5337	7231	1167	6348	3362	2090	2310	6283	6801	8679	
8938	6337	5402	4151	5820	1248	1	1998	4419	2514	7172	5546	1189	4861	2313	4785	6439	8290	1109	7812	6063	251	6398	1005	3220	1361	1059	4879	6803	9184	3288	1130	3597	7889	9501	8537	4129	890	7299	2426	7028	5247	2856	1274	6685	293	4732	7075	8207	2700	1889	2538	5469	7754	111	3773	4468	4699	1370	5360	2268	8864	6611	2915	9305	9599	2567	2335	2722	3233	3241	6327	722	3219	6374	6530	5638	3367	4142	2327	4963	7724	1519	1398	3861	7545	9552	1673	8559	2845	5186	8374	120	2528	2387	3858	9074	4794	
3447	2143	7053	3359	3038	8096	3200	3556	1061	2055	3412	630	611	4805	1427	5524	866	9250	7132	3596	5246	5770	2243	4642	264	1755	3921	7606	6234	7483	9485	6639	8321	720	2245	8812	3207	661	3141	6501	4832	4329	827	2521	2775	2411	8423	3611	2358	5539	6763	1296	8957	5620	2469	6818	680	1528	3784	2588	3585	6246	8209	2894	843	8694	5851	7590	1347	1499	5355	9140	3565	8404	1883	3631	2804	4687	7291	2078	8079	9033	5166	5258	590	8940	295	6937	2571	7246	4857	2192	8519	1037	2251	1613	9383	5262	
9114	6979	117	5904	7496	1879	5734	1742	488	8684	883	6797	7858	1797	2487	6990	5833	8222	2605	4093	5149	2394	8888	9466	196	4735	4070	3896	3688	3927	810	8237	2145	3339	8524	6507	4943	423	4025	6623	8658	4304	9362	7247	8373	2943	8825	4061	2809	6144	2403	6880	2592	2217	5352	9248	1900	1926	2254	9425	2561	9324	4589	2468	123	6890	5551	463	8770	3035	1355	1057	541	4192	1288	3211	8652	876	1438	7430	8698	1116	4989	7874	130	4871	1873	3149	7322	4395	4519	9304	8562	1917	2294	9084	5353	5751	
3487	4064	5185	1663	3323	6339	8557	5275	5919	621	7688	8147	3705	3743	5852	5974	7673	945	8544	3056	115	676	3435	4461	1069	6222	2256	1725	7214	2398	8488	358	817	3766	2982	5571	2337	1367	5500	3296	7780	1188	651	819	1395	2797	4007	2413	9490	8175	3933	6882	6249	2275	927	3548	3857	39	5582	729	89	2449	5796	431	4826	7876	3221	4009	1276	1482	6912	855	383	79	7346	8648	1019	1045	5552	8676	3358	3931	5461	3406	162	3995	8053	280	6316	3535	2249	8056	4649	9541	118	4710	6615	8050	
9553	6641	498	8346	5779	7926	6827	7169	2349	6829	6060	3514	3088	7717	3937	5278	6998	863	3926	103	518	9387	6331	5188	3128	5088	3892	3807	3165	3992	1476	466	6582	2119	4416	701	4505	2904	5863	6762	9465	1856	195	4666	6823	7662	9591	81	8233	3410	3831	8877	3286	3216	2781	5872	8272	5299	5117	1329	5936	455	2248	8605	5223	4308	8578	7164	7279	1974	1403	2701	548	6545	2779	2927	6863	1921	2794	2307	3002	7817	7449	4909	4317	3393	8680	8811	6799	4392	2633	9451	2997	5745	1734	2474	2336	62	
8146	2984	4870	1654	2106	2867	1171	8533	2537	7551	6143	3223	3196	7325	581	4028	4072	7791	8186	8882	6634	2835	4343	6021	5897	2341	3158	7064	6311	8699	8084	1453	842	2535	2821	4265	6533	8132	1495	3378	9363	1930	4299	1432	6813	2288	7179	5282	3278	3745	1764	38	7633	2079	2628	9241	5219	600	2172	1555	4037	1662	2666	367	5503	3246	1211	9579	9463	8449	5435	4968	2432	5941	84	2695	4572	4959	7428	3736	7864	5413	2141	8362	1818	8775	3457	2888	5030	9110	6178	6360	3660	7293	8655	8469	4454	5152	
1750	9345	5747	6953	3058	3661	5014	3588	8717	833	6245	266	5565	4275	375	126	1804	2110	7079	1431	1936	4446	8299	3519	8663	6665	5684	1888	9453	5172	5168	756	8048	617	6108	1697	1681	7119	6125	9310	4320	8685	6412	414	2435	3104	2407	788	6503	6669	7772	6497	7771	2393	2882	8868	1163	4741	3124	2559	2095	7014	5783	3386	7296	599	1376	5763	5749	1464	6138	3332	5687	7529	4801	2999	1312	6043	8513	3510	3828	2086	2954	4337	4803	279	5758	6671	339	7361	4633	8674	2981	3860	1088	686	2853	2912	
2734	3574	8279	7383	2859	7082	5385	8223	2025	3291	1266	1828	3710	7059	2459	5433	2125	534	9290	2000	4173	3484	532	1052	6875	3712	5927	3423	1843	3253	5143	503	7744	6981	828	5366	9467	2622	1578	1449	4890	7838	1463	2723	6509	7740	7867	3426	2206	8224	6928	6567	9439	77	4593	9058	8539	6221	1881	2279	7264	8030	1709	3006	8638	7799	1144	7114	9424	5442	8656	3392	6556	9203	9261	9009	1543	8293	524	9016	6155	2029	13	4556	1273	2721	1988	7816	2397	7947	421	7584	2670	2452	4139	4358	9600	4185	
2131	5139	8119	3754	5069	3522	7379	2395	4125	2011	8345	679	5450	1910	7998	3019	2188	3440	6667	9158	8749	993	5529	4363	8586	2735	942	6046	4586	3636	3062	1119	8755	4101	8887	4949	6287	16	6873	2693	2289	7093	8901	6252	6264	7029	710	3262	3706	298	6578	9185	274	978	6676	8633	8672	6743	8937	7522	7444	168	3619	2343	7404	3113	1125	3865	1297	2994	6580	2440	8965	5384	892	6465	1994	5705	8080	2702	9352	9092	845	429	1068	3689	2869	5295	3741	2051	8409	7165	4184	1957	2184	3462	1899	3582	
73	3580	5518	2241	6024	3763	4678	2161	669	2763	8551	9043	5398	2964	5715	813	3316	2437	7517	6606	2604	2868	8736	9404	3125	8305	8953	458	9137	53	6786	603	7872	9523	4895	7403	7033	8836	2659	3761	8556	3533	5903	5120	3304	5369	8122	9511	4619	8567	166	291	577	5319	2956	2581	9512	8074	2746	8802	7524	1665	6575	290	2534	3074	2938	7642	2966	1064	170	8950	3329	340	719	7750	5309	2322	5263	4983	3083	7665	4396	1533	8234	4470	7973	8386	5736	9403	6081	3098	2887	9284	7659	6041	1945	8268	
5645	782	7943	7205	956	1300	6624	3439	834	1320	6349	2996	1802	5729	1063	3714	2646	350	1474	494	3064	9405	8943	78	2053	3771	6557	2318	3516	5016	4191	4996	3837	3528	3455	9297	3751	5216	2683	6849	3843	2072	8862	7588	631	8382	4024	4847	9212	1508	3087	6142	9011	9029	6906	6262	128	967	7024	332	7781	1331	6179	3040	7189	9236	9303	7494	50	1656	8422	6511	1465	1939	9515	7126	2039	8815	6755	1363	3071	5257	4465	5484	4742	848	5742	9476	2531	4981	1841	2304	8327	3354	4717	3525	8686	6871	
726	4860	8563	2858	6784	6513	2733	1353	4	1748	2685	6723	6471	1846	3944	5426	2988	565	3001	484	2448	5462	1962	3508	961	6590	4564	6991	6211	148	4592	7557	2536	193	5050	8208	3996	2540	1475	6999	5091	7538	2577	8391	6986	9581	505	4318	1833	1035	6408	3011	1587	6203	1027	3823	4534	4198	4068	6414	3521	1855	3758	7306	3827	3782	6280	374	3407	7959	4010	3143	5301	5343	9489	1470	8555	7542	4982	9419	550	3394	342	787	663	8420	7885	5463	6388	7896	4362	1272	760	405	1259	4284	5983	519	
8343	8624	6518	6627	3501	1434	1537	7266	3183	6767	129	2149	5423	1241	4427	4216	2498	908	6836	4940	5002	2764	2175	6876	7825	8041	7196	6500	4331	3854	3030	9337	1756	1943	727	574	3185	7621	214	2173	7144	4257	5237	1177	529	8733	5522	8368	6844	1676	2790	6131	8683	1563	3947	4294	3499	8399	7987	3116	7140	17	580	4617	6965	5743	7303	5371	3052	6275	6760	3986	5658	9373	1632	2486	331	6862	2675	3353	3589	5059	2132	4302	8453	137	6579	625	4254	5858	4466	6391	3940	4397	699	6733	5386	243	
6993	6212	4862	6717	96	1410	5839	6445	149	7318	2636	2114	2689	4103	9498	174	2058	7560	5845	928	302	1554	3268	4332	3938	300	2496	3122	6477	9112	5977	2396	6860	7897	5809	4513	3237	2663	5938	6845	3767	4511	7983	7554	85	1503	1948	5993	2857	378	5328	1121	9569	3281	1849	1065	4138	8047	5410	6161	1793	5591	2957	2483	1870	4886	5952	3806	8401	2983	8219	3627	5239	5909	2511	4510	2450	5995	7497	3037	4106	3722	2682	7686	5623	6960	4779	9562	5672	1456	1603	7348	1225	3776	9200	8725	5440	954	
4115	8014	3446	7089	1034	258	8502	6895	4540	8471	3592	5805	1762	1318	8818	9431	7762	2593	7002	6772	1675	4347	136	804	2829	5573	1133	1594	289	4791	1721	4625	4822	5856	9385	5797	3000	3022	3886	7067	4319	1504	3671	3679	5391	4661	758	6433	1404	5562	1093	1729	363	575	1547	6537	312	7297	430	2467	5008	7472	7773	7375	1076	3567	1535	5690	6995	478	3020	6883	7263	3340	2976	1252	3704	3009	8270	3781	3302	2830	8408	5578	9259	5921	9123	8892	7587	1483	4097	5511	5026	5878	1284	5496	6474	8922	
9126	1342	206	5905	3624	1510	1898	1085	7539	445	8002	2488	9101	5123	5039	9239	9384	1443	5300	2550	3137	5827	2144	8927	2371	5943	7236	2828	3275	6323	4107	1319	6209	6353	7070	7050	8824	6231	283	4181	3273	8841	5297	1774	605	1257	1820	1567	3361	7374	1402	44	3553	8298	4672	8249	2342	3173	415	1271	1526	7622	9427	2472	1074	8722	938	6848	7722	1882	1197	1878	2998	3798	3352	5211	9283	3319	6696	4253	41	1953	7879	3171	9097	964	334	6214	4133	4040	751	703	6100	642	933	1540	7501	6182	
135	5959	5222	3768	5236	9252	3090	8212	268	593	974	8384	5113	3274	4116	612	7636	8352	3495	4902	1226	7096	7044	7764	9298	9372	5962	200	9265	762	8156	4429	1621	3800	2664	5603	9170	4636	1960	5271	4610	1904	6137	6400	7424	9551	4854	3311	3914	6725	1720	1631	907	5737	5516	6996	7356	7400	7911	6645	3313	1492	4911	8601	8125	3877	3267	7060	5975	1666	7492	6516	5776	5406	5563	1625	8318	4239	604	8431	5455	7162	7922	7953	7206	8034	4137	102	9278	8534	9159	4655	7723	5199	6229	9205	28	5653	
3464	437	4390	6826	8596	8385	6771	1683	5815	2123	9153	6963	8771	3111	2806	2772	292	673	3527	2908	1950	7514	4906	6413	946	3055	1737	6508	981	2690	6330	7711	2650	656	7259	2732	7710	4002	5981	7392	6498	3604	7470	7741	475	4866	5818	2558	54	1832	2471	1089	5349	2879	1636	6894	7268	2813	1011	859	559	662	2316	7975	2818	393	227	259	2552	6463	2862	2213	5915	7450	5483	1527	3383	3667	1971	7831	2362	7581	3142	2346	6795	6748	6257	2462	5912	491	1366	6031	3191	2877	2726	1647	7544	4060	
5134	6752	7672	1783	5243	6640	8198	2548	4558	4883	1286	562	6699	6240	6268	9132	75	4096	9134	2745	4130	4855	273	929	2586	8377	5652	7797	9353	5229	1995	6764	1522	3003	4809	687	7085	4435	8654	7904	7893	4958	8507	1577	8165	1914	4913	8793	1907	146	905	1490	3059	5213	3385	4080	2580	7105	2240	2768	7182	7735	8306	1799	4042	5711	3557	5939	1606	2287	987	6550	7967	4775	7988	8197	9539	6341	2710	3643	4994	2423	3630	4121	4920	7695	4538	7248	4812	4029	759	1592	7463	9148	5103	8713	3531	3324	
8650	6230	4496	8307	2546	7342	7777	5285	236	5613	2014	9077	1478	7855	2621	6727	5331	7185	3193	6421	5191	1857	5028	1152	2008	666	6075	3869	7569	9318	419	7159	6805	5567	9409	3043	134	150	1151	4233	1701	9218	3920	1776	8613	3691	5499	560	4154	6603	5621	4952	8064	4845	8564	1747	1022	228	853	3470	282	6394	8006	2082	582	6018	3555	8860	3803	998	198	422	6052	2507	7620	6436	306	1413	1219	767	5891	8983	2674	5923	9556	5828	1593	4425	7378	4016	871	3962	2676	1576	1726	3779	3085	732	
2704	8437	3855	5997	812	8844	4582	8078	2478	5383	5204	2181	9426	6941	7416	2300	362	5844	5377	6005	2880	9540	1020	1095	665	5365	4626	6505	2632	3866	8799	1137	4008	9455	1532	3915	6680	7726	4517	7317	5489	3600	1718	8880	3878	1778	7540	1124	1707	1808	922	6642	1787	9319	5718	8356	2334	9045	3070	7152	3504	3721	1169	8103	6566	399	2282	4652	5182	5381	6438	2851	5153	8702	186	420	8505	3978	3680	2935	934	2629	4013	7380	3769	366	709	8150	4514	2505	975	770	7585	9395	3576	9332	7465	8022	
8971	7880	2562	2624	2107	492	2253	4715	3467	7390	8141	9585	3669	1600	6149	9491	8552	3235	2290	8424	140	5695	5338	2563	8059	778	192	1674	8087	769	4333	109	2788	6188	4312	3364	3956	887	3954	6097	6256	6459	3482	1792	9142	1306	6769	1441	7657	6113	3133	4764	2660	4354	3249	8597	2754	811	568	4526	4781	1029	7460	753	4345	7919	2613	2059	1302	8169	4341	6693	744	7160	5018	9099	5363	7531	6959	6057	8302	4523	2885	8188	6728	14	6460	2627	3208	3411	3559	9349	6185	3590	3192	2816	2525	3738	
387	6285	8577	5040	1610	2820	1605	3154	4516	5438	2372	547	2493	3498	230	6454	4178	7563	3258	1351	636	3117	2920	7751	6127	7245	6068	4301	6887	5415	4334	2402	1827	7568	8840	5429	9129	4553	5755	7681	9105	2194	7946	872	6884	3723	2326	9271	2242	1624	7696	5148	4050	4162	476	3969	4326	4217	1078	6563	5270	5226	7701	6857	6822	4105	2959	48	7503	2892	4054	5595	1046	4780	4255	1387	1422	1773	1695	468	717	5782	7619	1230	5080	1723	1396	2311	3500	9564	4824	6379	1758	4976	4153	3294	7839	7019	
408	8126	2204	2897	233	4295	7436	7901	2299	1738	4648	2494	7668	899	5345	4706	3980	371	5843	7007	2743	7143	4199	808	2995	1416	8631	3786	8913	4536	316	153	3365	742	3833	1147	4208	5853	2967	8670	6666	4000	7199	4099	1242	7958	477	175	6673	3817	4357	3983	5830	3777	849	4118	4393	55	451	8839	7023	6543	1736	5121	7235	2635	7890	7982	1309	7718	9568	1103	6035	8688	4676	5220	6456	8328	1517	7401	4872	6609	8806	5902	1447	2643	330	5065	6526	1838	92	6364	8928	3201	6314	733	3621	2211	
1308	2679	3399	5639	1067	856	6936	607	3935	9135	5001	3126	4084	2919	9367	2021	8269	7439	5866	8108	6908	6106	9012	7141	6613	2969	868	7739	8929	2164	2457	6300	6239	6472	5034	6027	4587	6382	1588	9560	8581	3904	9350	8646	619	244	6961	897	4632	2576	4910	5824	1357	8262	3506	2006	4376	4891	2925	8450	6934	4144	3805	5545	7870	6625	9457	8497	840	5072	8118	9327	5332	7758	3550	5273	8	5972	8375	8001	9177	6366	823	8600	2697	5127	6132	9502	2801	2601	3971	3988	9522	8124	3160	8297	2239	5133	
4709	3279	9477	8264	1210	6409	5664	2266	8932	5523	9328	4051	3918	5400	424	6940	5351	6879	2473	4231	1173	854	3178	982	622	7239	3067	509	4955	8210	7462	8610	4934	3234	6195	2308	7968	3748	5507	7005	8183	2863	8464	7203	587	6124	7786	7721	8286	7537	6994	7790	8944	5187	486	1291	4933	7287	1032	1664	2233	5344	7477	2924	4563	4017	4367	3678	1596	6722	416	8028	9473	9066	7134	514	9039	4471	9121	6242	2136	7500	6861	1937	1356	1523	2928	7833	992	7931	668	9280	1582	88	1047	516	6196	6589	
6745	8241	6253	1348	545	4087	7944	8678	1842	4348	2509	724	6560	5325	1425	4662	5581	86	5081	6626	5999	4930	4228	7198	1323	2870	6675	2118	6512	822	7285	5550	7653	647	8032	2795	8315	4817	3073	2198	2365	4282	3835	8089	1947	1752	407	1208	2378	7857	1044	5950	142	7851	242	5493	2260	6154	1892	7985	2060	8626	8669	8263	3092	7395	5625	2616	9247	303	2075	5575	3889	2265	8242	3180	281	3546	6899	4473	9472	5107	2027	6423	2357	614	5115	9587	8308	470	7835	641	779	1328	1254	9392	3742	7877	
1036	1383	3932	4375	2104	8400	3024	8489	7930	7579	5651	696	3108	3882	5802	1110	4482	6025	7646	3616	1989	860	9237	2503	219	3157	6598	5826	7660	7149	6121	1877	3923	3289	4846	6517	438	5836	8480	8162	1374	7768	8767	3656	8333	4549	2855	7814	5327	4077	2250	6325	4145	3184	5174	2557	1986	8311	6740	2317	1364	3958	3816	6872	7671	3257	8891	1126	7850	3906	6952	260	7319	1260	7376	2447	8653	5109	1294	213	4634	5177	3785	5122	2975	6997	1055	561	4234	4820	3642	2074	5046	8397	5292	8833	3382	1871	
5013	9597	5508	9509	1162	3505	924	1525	1385	7507	1203	6217	2890	379	5249	5162	7406	6730	985	8899	4650	3925	768	7573	3677	3417	2284	2707	1030	6467	5339	6442	9122	1493	1890	7358	4276	3826	8143	1978	2785	4721	705	8636	1604	7746	1617	4027	7972	6296	5244	8462	4815	8791	7283	8995	7558	8403	2309	1571	4277	8623	7127	5492	2968	1489	1511	4112	7732	615	3876	5795	3068	4881	1025	8253	6597	1616	2042	1785	898	7892	9292	2071	2183	5564	7743	6135	6660	1439	4531	5671	7815	2295	3808	2044	3644	9354	
1627	173	7265	4903	2176	5778	6670	3109	6757	1862	904	1096	3166	6399	2815	5212	3883	5641	8254	5173	9438	5235	6794	6835	7163	3212	735	5	125	1429	2325	5190	4555	287	483	4991	9572	6475	8900	7853	2227	4307	5176	4618	4071	3791	2235	122	4802	6499	7090	15	4378	5316	3606	3848	7180	3697	3486	3282	2787	8724	6321	7455	9443	8037	1433	4594	9215	138	4177	5757	6788	5395	3351	448	1850	5279	861	8440	1344	8734	1120	9107	1586	4132	4578	8349	9266	4515	7145	9589	7565	6957	6942	7693	6003	9255	
1829	841	8035	9527	6488	6632	7324	9376	2758	8704	5576	8945	7456	7204	7873	4733	957	107	2373	6112	6535	3845	2130	7041	2121	7576	3266	5171	1655	5688	3977	4623	4729	5033	11	4938	4209	4484	4404	2578	3395	807	4424	3478	2865	8866	979	6461	880	1911	9341	6103	1704	5588	5267	8137	2484	3010	5057	4707	2186	7305	2046	139	9136	2146	2361	1287	1924	7639	8067	9189	7844	930	7941	8221	821	6	181	5359	5740	2410	901	311	9131	4168	3248	6248	3271	4645	3222	391	6988	1958	4498	3838	9479	7949	
1920	2508	4283	4970	385	5119	105	3579	3472	2169	3347	3684	9100	6006	5055	4406	1583	3759	5865	3538	5418	6078	7689	3681	7272	8456	7010	2010	8630	3301	2444	6387	56	4225	4799	7556	18	8542	6791	3330	5405	349	9407	7915	7431	412	7532	6334	6954	3902	7434	6293	5615	3336	2497	7136	3727	2810	1436	4094	4453	9320	1977	3317	4520	2302	7017	754	4186	2167	487	9570	616	2441	4349	4356	1952	156	7286	2778	5070	2133	3015	6808	6029	1000	6792	2669	1056	5346	3893	4894	5984	7452	3082	8007	948	1157	
5087	738	180	7782	5064	9549	775	3639	1472	5766	2993	3633	8832	3692	721	8120	4383	5629	7809	5393	2825	6183	8934	9389	3013	1282	211	8772	1699	5227	1545	2822	1087	9130	2232	1591	1927	5449	8741	3012	5900	4033	6345	4309	2696	1285	3490	873	3532	7980	9346	6697	5876	8543	9576	235	469	8511	3379	2088	1048	5892	2832	8276	8760	6079	4912	395	4032	5731	1462	867	217	746	2824	239	7887	7025	4703	3373	8491	4839	190	7996	1131	9209	1406	2047	7001	2652	7852	7042	3391	8969	6160	7654	1245	370	
8405	2461	493	2045	2587	8371	7432	3774	1719	1969	5935	2019	5957	360	5887	3276	3911	262	3459	9397	8923	3912	1454	1298	5560	2443	1905	2007	896	1082	8531	2470	1668	2344	8194	4204	815	3819	4770	3796	5781	3822	4447	670	5047	9559	692	7810	5558	284	9089	2205	2475	8062	4321	3179	5326	3256	3844	4324	1996	4651	3687	7108	9244	2694	9532	1358	6176	1021	777	3398	1397	8756	9518	8123	6232	7284	4229	2873	1390	2654	7909	6235	4704	6150	9406	1040	3570	1015	7752	2634	1249	3982	8747	2153	141	7092	
2	1546	3810	5517	248	2150	9056	1706	4675	4609	5570	8975	4532	2841	3815	1708	7347	5881	1108	8809	1749	3115	7099	635	9125	2940	685	1505	6491	745	285	3475	7575	365	1982	7273	8907	7834	5848	6900	940	2002	7057	6729	152	9127	8869	4827	7607	7630	3076	6720	3799	999	4724	6917	707	5685	2366	2455	201	5640	6869	8443	7414	9010	917	718	8238	434	1335	2837	6084	159	9316	2864	7678	7908	6735	3048	4668	3488	4463	6793	966	8483	354	5479	8261	7345	3230	5396	2218	2814	556	2760	9288	2272	
1580	1031	7952	6777	3099	4063	5470	9402	4373	1039	6653	8342	1669	4971	7976	3989	3476	8029	664	1098	6053	2255	4210	6076	9194	2445	2069	5772	6077	5676	3014	9333	2520	8442	4266	1324	2323	5991	1350	2024	8099	7979	931	6241	1290	660	3409	3368	5859	7451	7854	592	7241	1491	267	3507	2328	3345	755	5838	7074	7708	4937	8783	6594	8854	253	5693	8357	2769	9382	108	1671	6347	8645	308	4569	7913	3601	739	2412	7102	7534	5334	7133	9398	9582	6134	1238	3583	7385	672	9287	7292	1711	2028	4120	837	
997	3654	3198	5572	5806	9445	6157	7550	3700	8360	6286	4235	5662	3620	1553	6815	347	8753	1502	1381	4443	1042	9289	5422	706	8009	7883	5289	9554	7866	3942	9071	2579	1515	7518	2748	7869	5329	7443	8274	4039	6726	2438	1304	1761	3543	6787	4964	1685	5541	521	5347	8330	6351	8474	1786	6473	9048	8801	6030	977	394	8015	4825	2315	3894	7419	7016	90	426	9044	539	4226	3261	1557	653	6782	7095	4624	3657	352	8492	8570	7769	7054	697	8393	3963	4992	6429	4550	8257	5147	7069	3299	5137	6099	802	
1780	1946	6324	7426	2751	3648	5618	878	6604	5203	3300	1455	5871	1732	543	4776	6410	7511	7137	7779	976	6649	3448	1730	2618	8277	8110	2549	8784	6411	1209	6631	5969	4525	6886	5202	2388	3809	1735	2062	3552	3443	5358	9368	1897	5491	4524	2446	9393	9534	4585	2038	2105	5677	1264	6313	3186	7071	989	8665	8796	3243	1224	2177	1851	2064	537	3244	6573	1118	3811	1852	5466	7215	4997	3140	8915	5340	4288	7760	1345	8712	3197	3086	3309	2570	3285	3922	3376	6117	2974	7895	2456	1694	6621	4340	1534	8690	
7129	708	6304	4760	7191	6102	7963	3551	1496	2451	4628	3322	8285	2782	4206	215	6171	5373	8911	7966	3526	4019	4898	2321	5784	796	7320	8859	8529	1847	169	1229	4798	8494	4407	2805	104	7036	6302	8651	6377	9144	7052	4426	6901	3120	133	1409	3649	7920	9410	6605	3512	584	3356	678	1497	8627	9366	1326	6407	2016	7793	6305	8024	8939	667	4165	8754	1199	7674	7009	1460	8395	7608	499	2840	5525	3145	1874	1615	4207	5094	2262	5448	3307	1803	5807	91	4864	6662	8553	5181	388	1234	5048	3979	8140	
1629	2750	9091	6448	7049	7749	5967	7796	1007	4160	960	6946	3591	9168	9258	8773	6227	4327	8131	5163	3254	8865	2404	1143	8316	6559	1461	1677	1791	3312	1667	2639	894	7219	9225	4041	8881	2716	6092	5374	9335	1559	3948	4620	4176	7843	4157	9414	2305	609	6007	3626	6938	4756	6343	2067	4579	232	1170	6010	7077	6087	3694	4438	4441	7359	3284	1932	9573	5577	5505	5445	3414	3148	4654	3094	805	6359	5982	9264	6284	3717	3509	5022	1810	384	7039	299	8970	8394	3242	2952	8701	2405	553	3842	3348	3041	
3943	2909	7270	4761	6210	1073	7918	895	8547	3240	8218	74	2189	4270	3031	2619	7484	7753	6974	7713	1128	9229	8961	6926	2137	8661	1876	1393	9400	2655	76	3159	3732	9238	9273	8560	7000	4867	3252	7954	5547	2166	4941	6709	5808	1001	8612	315	1090	1985	3418	472	502	2796	8445	8054	2712	704	8091	5318	886	852	4314	1865	9391	9358	5937	980	1653	9535	6405	403	3724	3445	3110	650	3593	5105	1609	7562	5720	7830	511	3238	5798	3909	9321	6270	2376	6184	5089	3650	2417	2971	3605	1458	7589	6629	
462	3594	3539	223	1727	7006	1834	8761	674	189	4788	5538	6392	1794	1607	7957	2005	824	5457	1379	4522	949	3575	5679	4472	9486	9041	218	2936	3008	2034	6753	2390	5521	8831	2923	5586	7917	3884	1967	7912	1105	5023	8714	8890	9025	1618	3425	682	344	972	7871	58	2739	465	155	453	337	8523	7328	4335	846	4545	4746	2765	6683	5626	4647	6855	6218	2200	4711	7938	8709	5584	9592	288	3380	4998	4351	7632	2138	8876	5175	549	7107	4456	2033	5633	2510	9019	8988	3101	8758	2942	3664	7847	6047	
0	8291	6812	7027	4197	6885	5958	2293	5955	2500	9046	9482	2269	3106	6478	6552	9049	963	1872	7860	9051	7670	7725	8800	9152	2916	2087	1375	4274	9006	7360	4580	5015	776	1428	95	6918	1795	8905	1467	6462	750	3156	5949	6542	9388	9381	9254	297	4243	2543	2949	8894	184	2050	9351	5116	5870	5041	3046	1097	7469	2551	691	5036	730	68	2951	3335	9026	8606	7756	5700	6020	8239	523	5451	5007	4600	5251	3170	7457	7936	8579	7187	6532	7153	2303	5822	9302	2389	5663	4807	6085	1682	1541	7875	8170	
3964	2826	3485	5052	1649	3960	8917	4848	4688	265	1231	65	1083	6891	2077	1569	8858	5408	3790	3375	9563	6440	973	3511	1638	3718	4685	8359	4440	9361	4907	9474	7047	8065	4789	4248	3802	652	8376	9369	6061	6657	2134	1372	4547	6724	6441	1094	3226	6170	9036	8554	2705	1975	8013	3981	3891	7956	4052	6173	8180	1049	6851	4728	2564	5773	7702	2566	2113	3374	5963	6228	2032	1457	4384	4194	2625	2015	8978	6107	7981	1837	865	1700	2626	7716	7506	4158	8530	4006	695	8893	3952	5054	9246	4402	3598	3182	
3474	5035	3381	5587	121	6158	5472	4227	8706	8060	4263	6831	869	1568	9312	5835	4948	5232	7650	525	5504	6272	6181	7340	8072	6633	4247	1670	8525	7783	2719	2906	3206	4164	5933	459	734	8991	1445	2157	3569	1164	510	5890	1115	7767	3075	3298	5979	7679	2792	5501	6927	2958	1751	2554	4065	7605	7992	2158	3755	8226	4921	1283	2283	3390	6534	4202	2285	10	127	305	8848	6973	8313	4047	1426	3913	9017	5934	1772	1660	1277	6684	2903	8292	7530	522	6842	6904	8049	594	2791	1651	1420	557	507	8921	
1450	6069	490	4835	8231	8353	2097	7592	2345	7117	101	9537	6049	3293	7637	6888	396	5599	9062	2197	2730	7341	4385	4670	1004	637	3320	5465	6925	2930	8538	8094	7935	955	6226	7294	2124	1641	531	8994	4143	3342	1424	1598	4657	9508	6581	7792	208	5093	8168	1244	8666	6362	2094	3315	9067	7656	6783	8617	489	6531	6204	8763	5593	4954	5336	5861	9054	9420	1117	1909	5259	7255	7969	9296	8284	6574	645	4073	4271	8040	2338	461	3442	5910	3397	9447	1033	4966	2990	1928	9408	6555	8805	3560	8142	5829	
4644	2416	3217	4541	7661	4590	172	7586	6422	112	7336	2515	3063	5514	1239	5399	473	1800	346	6023	1966	7840	5762	1106	410	9096	5980	3028	781	4876	5569	5646	8410	5317	7596	3357	2140	9028	4492	4684	995	8996	5264	5135	1198	5305	8621	1440	8473	9004	2965	1672	2544	1741	5528	5804	6913	1514	2784	2359	7502	6809	740	9428	1389	786	3093	3812	5756	2989	1826	9432	7209	1386	1145	5485	9336	4249	6502	5989	3899	6418	4990	191	7394	1819	862	4900	2142	4816	5436	881	256	4075	826	1941	5612	5165	
1191	6434	1228	7593	7473	2065	3503	225	5073	5053	3720	5940	7807	5987	1981	359	3968	6540	2277	8803	9078	7120	6750	3360	212	3622	8204	3756	1686	8716	9160	4608	3202	1337	7218	7271	2127	693	6165	9060	5049	9488	5378	6174	3477	238	6140	3603	844	6026	3437	3750	3573	257	4412	2350	2491	8283	6172	5498	6066	3461	1013	1481	4537	2881	8514	6317	3107	3868	7061	3955	6688	6800	7032	4759	1863	8797	66	5284	1972	2202	9000	766	6870	4897	2761	528	5379	8389	406	9500	2800	1844	698	2098	432	5868	
589	6732	2063	3739	1931	5136	6659	1174	2212	3973	1172	5945	4166	4604	8962	1807	2741	4893	1935	2103	3695	6522	8721	2939	6916	4853	8427	566	2102	2207	2527	870	7124	1925	6397	1831	6208	9021	3965	2802	61	2271	3623	1179	6719	2731	1360	1739	5735	7528	5407	2553	8499	5084	7091	2720	9199	6219	7397	5920	4213	361	5108	9323	2147	6536	9433	7458	246	8088	4451	5733	6457	3953	1608	1471	7217	8558	8889	1895	3614	618	9437	3949	9201	6874	8649	3209	2109	4596	3189	32	2501	8992	7080	7118	2296	1146	
7663	6255	261	1702	1999	9561	1100	1768	7045	480	3497	313	2442	3957	373	6333	2482	1123	9027	4850	2752	1812	1817	3701	7013	7181	5617	6523	2986	9240	4935	7604	9065	643	9434	7878	4889	2128	2597	7440	7595	6570	8660	5725	6094	8282	9422	87	5306	6402	6628	602	3480	205	1902	100	5254	2607	7453	3408	5037	6896	1628	6133	7078	3452	8875	2711	5721	3547	9166	6712	4581	882	2724	5931	4829	2759	2513	3338	831	7680	771	2070	9464	3871	3053	3155	8515	7903	9106	2195	7195	9263	4615	7088	4123	7570	
8470	2264	4428	5944	4673	4092	5649	4119	9141	7863	1218	9538	7278	2330	736	3945	6376	2223	7168	4509	1215	6525	3450	6381	24	9118	551	935	221	8407	5230	1552	6206	4810	5774	7631	1885	4179	5692	1091	2642	2331	1698	4945	4919	6866	5966	5126	5601	6310	2434	4220	6751	2807	8171	4972	4831	1086	1421	784	8647	1237	8835	8127	2001	3337	2947	3867	7252	5850	7961	9069	6308	7399	4355	4863	9059	4925	6017	333	5208	9053	1262	2603	9222	3460	1227	1216	178	962	7526	8924	3039	2637	1316	8738	1373	7384	
3753	4250	8731	7480	3562	6378	5789	8493	7609	6865	3801	6358	1689	8116	2160	2020	5719	9085	1071	2979	1572	1289	7652	994	2977	2066	8366	3042	4418	5459	2756	689	2708	8161	5404	5636	1446	3269	1835	7583	1339	409	3530	6344	392	761	6260	6309	4786	8746	9566	7337	4595	1678	4475	3775	7391	226	3363	2355	626	6082	951	4480	1512	4653	158	8878	5311	417	1518	1394	5748	8011	8069	7687	7578	542	2950	3607	7370	958	1566	3542	9172	4026	597	7448	6129	4682	9024	5605	2738	3444	8949	2384	4004	5907	
8252	6367	3993	8467	1896	6479	6778	5005	5767	5585	7343	6091	7937	9281	7788	263	6385	4573	1330	536	3	5364	1775	7527	6682	8287	8113	8726	247	7479	8584	3130	8190	8874	185	7438	6426	4896	114	179	850	7580	6690	4752	8873	1267	7804	5307	2111	2369	5475	1766	6247	3840	7334	8750	7498	9536	1079	427	5681	6652	6817	4554	1008	5100	2427	7227	2436	3169	49	1336	3602	5283	3007	9326	6278	3403	1399	8641	6664	5313	5265	67	7598	3836	9531	6322	8735	2846	4575	8026	4613	3060	7640	737	57	6294	
3890	3479	8780	2222	9061	7487	2360	9079	2665	8941	8046	4205	7251	9493	3096	6483	4279	3863	8916	6592	1589	8111	3832	4485	857	382	3097	3907	83	82	4508	959	9155	390	9601	1760	4584	7420	2220	7130	2418	9104	7363	9471	7939	4975	1281	3283	6336	9231	3946	530	2838	1634	5342	9301	5178	6386	5490	3674	1041	4380	5160	8575	9167	442	4757	1759	4792	968	8325	8243	5098	5654	6295	2353	6297	4740	3100	6547	4232	1840	8173	1642	6356	2068	9480	8668	6510	8211	5425	9279	7065	5314	7094	7805	1858	1538	
1295	7610	6790	1652	572	6152	6529	7409	7950	5647	8023	6307	9542	7026	6635	2718	838	5841	3187	8077	3794	6062	8075	5559	4980	6921	5775	7828	7113	7216	3265	8303	1884	8981	2714	1529	1206	4918	6384	1564	627	304	4778	4571	2219	9068	5179	2148	4722	8693	5446	9234	8845	7669	3215	2673	5543	2744	4904	8381	6898	2089	7302	6493	5996	1081	2092	3645	3422	9322	2631	6485	296	6614	161	6015	1983	4117	8664	8430	4777	8301	4196	4574	3897	1002	4014	6824	6193	1327	5875	8768	8719	7907	5434	772	482	7289	
2017	3881	3652	8785	8527	5886	3310	6949	2351	6011	7240	5709	7454	4189	825	743	8159	1058	2225	1349	5637	2649	4195	6109	9533	4081	773	278	7352	3984	4641	8003	7344	2875	8061	9232	99	8886	5298	240	7183	4445	6194	7994	1763	2392	4088	3045	4923	6638	4612	7728	5097	6648	9416	5579	2929	4667	8619	9377	4932	7326	6930	8418	5978	3176	8764	2490	5555	8104	5536	3168	5510	1246	723	9449	1507	6958	2479	7597	9329	5276	7018	9475	3875	1180	2524	1107	1195	8979	356	4885	5864	2429	3740	7775	5161	31	
1204	3578	1338	6326	8820	1767	4267	1325	3080	8203	7658	1859	5424	2978	535	5502	1220	4203	3715	4506	3112	1954	8476	3518	7402	2244	8870	9102	2453	1839	3077	6897	1845	2306	307	3716	9195	9154	220	1024	433	3789	9224	2415	4714	4230	8644	6425	7761	9379	8100	6691	5368	5128	6853	5274	7066	9227	2987	4542	69	757	4149	3599	5668	644	7645	8919	983	3025	8659	3431	7274	2280	5889	4951	5988	7543	187	5655	7601	6588	5293	7823	9120	1419	8936	4146	5287	7244	7063	4439	5634	540	7084	6495	4768	1579	
4744	254	8055	8635	4403	454	6964	6095	7210	8853	4048	4598	5272	5196	2354	7176	953	7174	4306	8388	3292	3434	8816	6320	655	8765	3571	6600	3441	4003	9586	7945	4546	6383	7644	5231	8101	9418	4467	8583	7567	6291	6111	8895	6840	6944	7964	2910	5420	1378	4588	6335	3696	752	1479	3432	6220	8435	1270	7058	6647	4713	4083	8214	1809	8396	4110	2324	7827	2352	6658	496	6742	2081	8206	8930	3625	4148	4700	4570	3502	4501	1423	4113	7655	1784	6607	8912	8158	8365	4772	8477	3057	6564	4567	3420	6914	9276	
7304	7281	1207	8278	6244	7624	8452	8819	991	3928	5038	2692	1138	7382	571	6983	526	5831	8167	6807	2933	7940	7577	7555	8250	1798	2852	3699	2433	6692	3404	4960	8846	9510	2893	8135	6312	2400	40	5727	8842	3232	8179	579	8914	1908	1531	5691	119	9103	6636	7648	4718	9277	6806	8757	6319	8782	7481	203	4338	5532	8320	2408	3152	9370	4001	1861	6266	4931	1848	8215	5627	2270	1217	1744	4669	9468	6166	9182	4819	3084	639	658	6569	6189	8466	6939	6528	3905	7865	795	224	4962	4796	5965	3491	1258	
7445	2178	9272	7923	5096	4300	6355	8255	2572	9593	6065	2425	4140	6681	6487	4280	9452	9399	5686	6892	8569	889	6002	1009	7398	3586	2258	1887	33	2203	4814	8946	6254	2530	4361	9228	7510	8136	1918	1561	7223	8566	8571	1688	3581	7731	6966	4915	4057	2185	9499	443	3887	8317	3163	6858	3400	3725	2533	1658	6074	9001	3566	4044	7574	5370	4638	1901	9520	5799	6468	8700	7158	5354	2823	4245	3210	5095	6122	6945	4448	9081	3151	4771	1581	1715	520	500	900	4681	3901	8340	7353	1054	7715	3033	3783	8528	
9219	5771	2713	9082	3834	6694	5561	1382	110	649	2658	5497	2529	2944	5726	5800	2662	1770	1894	4365	8157	8883	3637	2208	2889	5785	6984	7491	6431	2439	6980	1626	9575	4049	6713	728	4843	6612	6644	2849	1635	5857	8897	314	2651	527	9456	402	986	5067	3121	8751	6167	4159	6622	7766	6789	2040	7175	864	9595	6548	4089	1679	8591	4557	36	5790	1023	7022	7571	7628	1442	8058	2013	6931	8275	7759	5201	9035	4616	5549	4868	5382	8196	3613	4215	3034	9555	596	3054	3004	8585	3465	6798	9325	2992	3540	
2312	3228	1765	5260	1305	1965	6577	8902	8090	2165	5701	8085	5044	1142	6437	6955	909	2717	5082	8153	4743	9584	6190	7868	1114	3655	1973	6277	2375	1401	9072	1104	5234	3389	2737	4242	4322	1789	3856	3401	22	8038	9115	4449	1990	3021	8329	3974	4957	2991	2391	7308	634	8512	7776	7151	4495	7034	2896	8788	7282	5837	6114	5956	5622	7135	9146	8743	6593	338	6850	2179	8031	1693	6022	4950	7021	6163	1633	9413	9282	4720	3612	5412	6177	8232	8620	4977	2273	4021	3325	2340	8463	6201	3898	5697	990	5277	
7933	1640	5140	2861	8925	1293	1279	8280	1247	1521	4452	5678	3900	1392	5609	7166	4583	6601	3862	4562	4984	2598	9411	2022	3190	4499	2575	4344	5206	6838	4031	2591	3793	7905	8259	7603	800	2900	7415	3089	7942	632	2120	249	3326	5713	9386	6180	8918	2709	9461	3051	6130	891	7704	1414	8573	9098	8033	8200	2648	4278	8425	508	9496	8607	7146	27	2274	3670	4431	797	1585	8821	5666	237	8339	6444	8718	2706	8867	893	5392	7846	9057	9086	3873	6832	4999	877	8109	1781	2615	5335	5245	4487	197	1346	
2539	6090	7184	4479	6406	4686	5110	372	2215	2159	3453	4020	4128	1821	5732	9211	7055	1542	9109	4767	5643	5129	7300	1979	4221	8742	7677	1733	7861	8495	6199	8599	7467	8460	3520	3127	9055	5411	4551	6205	2516	2210	1513	4677	6841	5520	8643	2776	106	2129	8526	7730	8354	8997	830	6080	4201	7549	9050	5527	8535	4758	2386	7561	9176	2953	5403	4108	2026	5430	4603	7131	7520	8879	8166	1202	7882	8603	4141	1214	1886	2492	1944	4873	5310	806	3610	8985	3731	9171	3934	8532	5151	364	3939	3377	343	2661	
7298	1303	7269	6040	5233	7068	4987	1168	1411	8906	7856	4929	9230	1201	5752	3924	7546	4823	6978	3492	8244	9574	3372	8415	7977	8416	5333	2401	5214	8458	8998	481	1185	1371	8989	4034	9020	9094	3205	5362	471	741	6083	6042	1448	2466	5458	7083	1212	1544	6164	5703	8051	5948	2728	6585	4691	1028	7307	9578	116	7056	4336	8068	5580	4269	7712	9495	8849	8762	8172	4152	1912	4995	3280	7928	3744	1823	8766	506	9207	4104	7505	2168	5814	2780	2298	965	4631	4223	8267	646	1250	9294	7521	5650	8779	2541	
6538	1891	1365	633	2657	4507	7925	2163	9223	546	8369	7784	6935	8982	5596	1158	4457	3114	5568	3018	2921	5197	452	1782	8225	3864	5476	7011	8322	4841	3290	351	160	3036	2842	2522	1956	8692	3749	5512	4627	4218	9435	4527	3493	9446	2526	5474	608	5908	5468	3615	411	4597	6903	613	4878	1993	7647	5759	3515	1712	8628	1175	3350	7523	6989	6630	6136	4973	6821	6008	2465	8163	6470	2377	8465	1516	1256	5215	3517	3617	3961	8723	1127	3429	4942	6197	8705	8436	7694	7228	8667	3430	1236	6110	9124	5526	
6910	4382	2645	6120	3686	441	5361	8426	5816	4784	996	3764	5556	1869	4291	376	9128	6620	7801	2126	2171	8323	8193	6216	7475	538	9164	7999	1183	7974	5477	7040	449	8592	151	3331	5029	8475	8490	5738	3997	4171	3537	4187	7664	6854	4135	6009	2594	6971	1480	3985	2878	5992	1016	4708	7202	4660	1280	5184	8986	1602	3047	3608	9174	4483	5074	4842	1333	1184	4305	2112	1486	7167	2506	4643	5854	1743	4947	3662	2182	4053	2368	6496	9469	5976	7927	6281	6054	4035	8904	4386	8133	4161	7309	4261	9565	5777	
3972	9365	4751	4755	5375	4512	9528	7314	2049	6207	7836	23	3849	2347	3640	5750	4011	5078	2261	8021	6972	2523	2677	8444	1430	4865	5323	8216	276	3250	6279	2985	6269	8521	3780	5597	4683	1253	9269	7984	1549	4188	8522	9233	9460	4109	6674	9544	6956	4182	9165	9497	8355	4287	6315	5554	5390	6711	5159	7103	1745	444	9075	9295	984	6105	4095	7418	450	3690	2932	4155	1806	2874	124	4399	4908	4530	6395	3919	8857	6428	681	6759	6481	5401	7778	4298	4837	1466	1728	3813	1043	3737	5990	4978	5217	6761	
7086	9093	4680	8439	4928	59	348	7995	335	5060	1970	3821	4698	2009	7623	1556	2154	7354	5590	6274	5145	5183	3305	3885	2630	2899	3735	1213	7906	8798	3646	6744	1310	9169	3213	2422	912	7707	8829	9596	6749	5068	7488	272	1494	7755	1334	6948	5207	5553	2023	4323	2749	7109	4851	888	5079	6419	6595	2238	3880	2668	4488	3203	2463	7371	4122	8045	1692	2180	1623	780	1987	9314	1141	7464	8152	1299	1713	9454	7035	7616	1205	1368	9018	5540	8390	6932	6617	8707	7466	4193	1190	5350	3675	310	2458	588	
4491	8517	3847	6236	9448	6920	2156	578	5680	5792	3161	829	6721	1771	8235	6919	1192	7613	7201	9226	7986	4414	1570	4163	8847	2431	386	2381	6393	4315	2913	6401	4840	7043	4059	6141	4076	9180	5125	3685	2946	5682	6489	3483	638	3841	7238	7076	4388	2367	659	9064	8508	3451	3587	1584	6128	9087	1915	4405	3814	8964	5101	9186	8990	8956	1263	9444	42	4102	1551	1418	5281	4430	9083	1053	3563	4856	2960	7150	2876	3396	9080	5004	7323	3683	3728	4811	4828	2556	7641	4533	9143	3321	8379	8588	2052	3344	
4296	3651	7742	9503	657	6033	7421	5228	7357	5869	5020	7369	6947	5210	3665	4281	8516	9603	3027	764	7727	8498	8044	7899	6238	2115	6464	9005	1814	9249	1530	4967	8637	4410	7253	1444	9040	2320	7312	3536	418	2803	3023	440	7310	9206	2786	2656	9396	906	4656	2481	2715	5447	5209	1959	5895	5077	7705	7101	7738	6404	5443	2793	8980	836	9307	3908	7315	2170	5076	9430	3663	4391	1997	6251	8432	9260	8856	2076	9014	1451	2031	8487	94	7377	4370	8506	6833	2339	4956	3174	1012	3139	7504	8185	5960	3327	
3544	1550	2555	5724	5660	694	5376	5221	9359	4926	7188	791	2096	1240	7020	1135	2281	8201	4036	6116	5598	428	8273	2798	2332	3415	9545	4914	6583	8372	8789	7474	7154	4986	3371	3277	7748	2647	4664	2363	903	7826	4212	2699	1573	4993	1575	7330	8696	1278	6825	8230	8481	3554	1520	2698	8545	4293	1746	8018	2948	5042	9590	5801	2084	9546	2725	6492	7387	2686	7591	9378	8681	3872	4787	2848	9315	6521	5716	3333	7948	8565	5788	4170	6486	5006	9286	2937	6332	1590	7965	7553	8732	2884	8602	8851	7015	5986	
623	5003	3729	5019	7486	4100	3026	1165	5130	1830	3355	2584	5421	2777	5616	7714	4200	1611	2297	7703	8593	2931	8632	748	5882	7675	9217	885	21	63	6839	3471	8347	4630	2117	8781	8472	2641	5849	3229	4066	7734	5024	3079	5971	6200	2941	8176	7366	9355	1757	6656	6551	6554	8898	4674	6013	4086	5819	1622	9558	684	9151	5142	6104	3138	9173	7081	6258	7829	5630	4607	2291	3676	5973	6520	8501	8459	467	6967	4330	3523	5589	324	8148	9470	4679	4694	4502	8503	1322	1612	474	26	4437	6677	9034	9257	
714	2612	8885	2152	9317	9530	5825	9030	5167	1122	2565	7116	832	7277	5045	8863	7051	7842	6969	2199	2653	5473	9412	7822	8380	5602	8227	5441	8370	317	4150	5099	8387	4602	2902	4731	3481	3618	4696	8968	9221	3903	7690	6610	9504	3634	8265	5642	3091	9262	7666	9175	171	8752	6430	8248	3719	3005	7267	9514	8546	7599	3668	8808	6012	7447	4882	2640	8728	8419	5372	712	3950	3629	7275	7173	8187	4134	1415	8107	2099	4432	1166	2644	3778	5531	5873	3270	3693	3936	2757	8155	6834	2667	2499	5723	5170	5898	
8337	5913	971	944	4658	3328	1769	7789	595	6014	3264	7261	1630	7837	9149	9459	5893	3218	1075	6584	6420	9583	3177	3346	6654	7222	6034	7682	154	4311	4469	7594	7276	4497	1860	7427	2770	1913	6992	2061	6215	6553	7435	1639	4147	7709	2922	2421	1923	3702	2691	9306	5739	2108	8478	7611	4175	6186	9070	4289	3534	2671	1051	9191	1601	167	5765	3917	8115	4464	1548	2406	368	3438	5085	3584	2687	1509	2226	4565	8677	1311	713	5063	7719	71	2370	8421	1788	1811	2236	920	485	5106	1710	7970	9526	5330	
1251	5486	4045	6643	9506	2585	6243	7441	6780	9179	8745	8786	2970	4774	5315	9517	9047	4477	1484	9440	5694	1377	1407	4605	4629	6301	3839	5884	7208	6571	6455	6250	9181	5947	4494	5419	5722	3830	3118	7859	5112	4663	7802	1949	7787	874	7849	3224	8326	8955	5534	8271	2595	4723	6737	4211	4126	6452	5631	9117	555	7038	1181	6446	816	8691	3850	6738	2560	1132	341	1017	7106	820	4622	4702	5753	6687	7813	5970	6016	7582	2589	6169	250	277	4476	569	9348	2766	7351	624	4082	7499	8776	5158	6716	4671	
5241	4259	7046	3757	5356	6773	1187	7425	2844	8240	7824	6596	749	915	7894	4659	6259	9208	8896	6338	8673	6878	947	8629	4985	3287	7288	3658	5548	937	5754	6276	4303	4529	6292	5862	4859	6318	8455	1868	1261	8711	7602	318	6708	7407	8910	5607	9415	7934	7373	7372	8000	6363	2569	4005	1084	4352	2229	8963	5710	6950	8618	157	7737	1099	9052	7493	2596	4114	1536	207	6380	7258	3659	70	5056	6619	7881	6816	8587	7774	7408	8568	9076	3672	2582	9483	8151	8710	5780	4353	6756	2599	3999	1066	4022	7564	
818	5942	8810	4844	2753	2767	7193	5180	4793	879	5661	591	8447	5689	5610	8260	716	2934	3564	7073	554	5009	8446	5761	6424	4409	7884	9598	1352	6192	9210	6923	6576	7886	9330	1680	9095	2379	1255	8792	9308	8073	2789	1500	3846	952	9002	6088	918	4544	4183	8081	8973	2419	6715	4888	2811	2703	9342	6299	4286	2817	2380	5304	4961	8246	6346	6056	970	3069	6151	4504	4394	8715	5628	6000	8790	5481	9293	2259	1646	5296	163	8428	3239	6599	1893	4922	5847	747	6864	3017	7254	143	6282	9268	2080	8247	
1113	9111	4640	369	4927	3941	182	8314	8336	1102	4695	1684	6271	4518	2611	2037	2783	2961	4069	7122	7115	8010	3529	4880	6482	7125	3910	3726	2606	2504	6466	9462	558	7698	9037	9192	3824	6977	8256	3916	5324	7062	7736	8139	5131	4875	9204	9380	1369	9133	4543	7224	7386	1077	1777	8083	8908	5488	586	1223	3473	809	8827	8130	3804	2891	6403	3568	7971	3496	5303	2004	7012	8837	3825	6650	8335	5090	5667	7249	7429	4838	5932	4313	5894	7233	4260	5592	4739	2356	1524	6731	8729	3879	5675	1092	8484	2319	
4591	5075	1412	4797	4561	9513	4693	1539	4372	8589	8434	4436	8184	5823	7929	4310	7316	6370	3760	6852	3044	5380	675	72	4753	3065	5566	4830	1156	2420	1933	925	3666	7516	1301	8448	7417	4750	1485	7003	4111	4172	6736	5533	3061	1139	4614	610	6261	6514	914	8642	4577	4131	2850	2057	9548	1149	2382	2547	5154	4560	8958	1154	9300	7226	7691	3153	8351	792	6037	2100	5092	8933	8855	9274	1716	9245	6846	8703	1705	4359	9242	3334	4377	2043	5509	1182	460	2545	3994	8993	9442	8350	2608	8043	9580	3990	
4946	80	4237	8191	2464	4858	950	7932	8294	583	8457	6943	4726	1659	6494	8341	7148	6689	3387	4486	8604	1942	2831	2518	255	7121	5874	910	7087	688	25	353	7461	8288	5124	7626	5918	3136	9196	9525	5673	1010	3787	3303	6225	7634	3829	1473	5803	5659	3888	6350	3577	926	7338	397	544	2214	4455	564	8363	6951	5535	2139	2155	6710	5427	8739	2036	3703	5389	6519	6637	4646	5439	7733	1825	5083	3199	5294	9162	3797	6168	6059	3711	7350	9313	329	851	8598	3820	4292	1062	8574	7422	1150	5467	8441	
6233	6819	320	8520	6055	9492	2620	8319	5194	93	6187	1072	4539	64	702	8025	7845	8972	3072	5290	9441	1620	6924	1560	9371	7362	7559	2836	1196	3870	7552	2740	4433	814	5416	7396	9436	4748	5914	3458	8920	763	8144	8671	7446	8609	3147	2162	6915	5707	6646	234	6450	5058	8451	4917	7221	7629	585	725	2681	6558	2276	513	9507	731	8300	6962	9256	4804	6562	3469	7508	5118	6541	3204	6909	5428	2314	6568	2860	7257	6298	2495	1193	6449	8202	9291	6975	8871	3405	4719	9032	5951	1313	2574	4769	2747	
5855	98	4762	7692	5821	241	165	7	4813	5964	790	6389	3792	380	8093	345	2424	3066	6303	8960	1161	270	2247	7030	7697	3103	8017	4833	7072	8331	9577	4689	3730	7142	6987	5760	2898	4836	5787	7112	5114	2914	6162	3859	5322	5062	4749	3129	1934	9116	8817	570	1307	5879	8217	6223	3195	9161	194	6820	8429	6159	5896	8510	7186	6747	7412	9417	1565	7490	2409	8657	8518	4489	606	9374	5648	8740	4892	3762	5608	9458	5946	1343	7388	835	8909	4325	7808	5043	1614	5922	5926	4637	8580	4420	5901	8984	
6086	1186	6678	3638	7785	7321	9275	5846	2871	4834	3466	6907	3709	9309	199	4734	9505	1779	6038	4763	5250	5471	1050	8112	5632	5021	4969	3635	5464	37	5644	4023	5000	8942	1984	3295	7100	4442	6273	5157	9340	8042	6357	1938	8310	1391	4272	6911	798	4180	1435	275	5266	5519	1176	5860	6754	7960	9364	8145	2955	4936	7841	1487	9190	6451	3513	3164	2973	3162	9202	2174	7651	309	7533	6602	4169	5071	7848	4285	1354	943	3698	4869	9270	5899	5614	1963	6435	5574	8295	8164	5198	6705	3708	2980	7468	8787	
4415	8160	9339	5911	1332	9015	271	4765	2216	5494	8823	4078	6175	8594	9216	2246	8884	8174	4974	9038	6098	5699	8245	6701	3225	6933	8004	5793	6263	8098	6982	5812	5994	8192	9557	7916	4328	2278	6828	6480	7993	4712	4939	5111	6695	5542	8795	3987	8181	7004	6703	7795	4434	4474	188	1194	4246	5431	4730	3102	9481	5253	425	4136	1822	7031	2502	1148	1880	2907	2056	6506	3795	2364	4244	4566	8748	4611	5150	9390	4058	8813	3541	8138	3851	5010	9073	7301	5537	9521	9347	5302	1964	6044	9360	5102	8951	6390	
8777	5268	5205	2122	4389	8312	6702	9421	8020	6700	6546	7178	1501	1731	7989	3370	3628	6064	5998	1805	1922	1643	8036	5388	6415	301	1714	5452	6371	5557	5741	6616	5657	4916	8977	9343	8952	8576	8966	9529	8850	6618	20	2926	3959	6237	8411	8903	5482	4408	2187	7900	3172	2834	8727	357	803	4400	457	7997	3433	601	8220	1875	7638	2736	5417	4459	401	5387	7335	8251	4268	7313	4371	5155	5146	7423	8675	6905	8205	8948	7295	9187	5544	4174	5164	2918	183	2196	9331	8454	8496	5928	3259	7888	5132	8304	
3029	6039	501	7190	6361	3524	9494	5656	2399	4821	6868	4421	6119	8959	2808	7614	9003	8296	6679	7327	7339	4316	9334	5189	7820	1315	7008	7535	6968	7128	3818	6153	9145	1080	5594	3641	6019	2617	7139	6572	2414	5193	8500	1740	8861	6527	4716	2224	9163	1574	8258	9356	8102	7649	5791	7098	321	2480	7410	5242	6796	3895	5624	5487	1003	3653	969	2672	7800	9487	7910	3852	4251	9178	7355	8063	1717	2517	8348	2221	9042	2476	5032	6146	8947	7478	8720	4360	8199	7104	7862	6469	4450	1233	1235	9235	1140	6810	
4701	6881	2003	6372	5885	5255	2385	4901	9108	5600	4368	7991	5708	2383	1991	4738	5744	8504	2771	2190	8092	9524	1903	7161	3081	3421	6290	8364	4342	4262	4214	5248	5832	1469	8486	5252	6416	6050	7111	4639	3673	6028	7541	7213	8195	7625	8834	4754	4085	4411	7242	839	8804	8708	1129	5012	9547	6126	7411	6549	4790	4127	9401	6776	35	9008	1906	1650	4079	6340	5256	5669	7157	8281	8309	5924	47	2573	858	654	2035	6668	3050	6539	3572	6093	5813	5515	8697	9113	8086	4782	8615	8182	7618	9357	4417	8082	
7547	6774	4256	3078	7482	9119	1243	6058	4552	7757	4747	4852	5842	6765	1136	5409	30	2568	2048	4043	4849	4988	3306	4745	6565	5414	5704	5348	7902	1160	5357	5730	3384	6202	9214	4528	6739	6766	6544	7197	7256	6453	6265	5432	6561	5706	4559	4727	700	2847	8872	4423	8695	9602	921	8509	7495	4366	5712	3260	2883	4606	5320	793	4621	3167	3929	8097	598	3449	9090	8057	8549	4012	6072	8485	1864	9220	3747	5280	4924	8338	7818	5619	1992	4030	1452	7536	3874	6365	8999	7413	3489	5200	7192	3733	6718	3463	
4374	6484	7615	7706	5269	5144	1112	6734	6524	7237	2542	1221	4264	7803	6089	2833	7921	6032	6101	2460	7512	4478	2729	5768	164	8189	60	3105	5769	7821	8807	8926	9478	9147	325	7914	4046	8039	3991	6490	2638	8105	6655	5953	7364	6889	2774	8433	245	5840	5764	6515	7951	8076	8332	222	4379	8406	8334	5906	8931	4422	1824	4238	328	8974	1321	8662	327	5794	7220	4490	4460	9543	3255	7433	204	6591	1265	1801	8634	7229	8843	9338	4905	6329	6427	690	5985	4018	4953	8550	6775	3436	4224	1317	5929	5506	
7442	7389	7729	7170	6929	4258	2762	8826	4773	6001	9267	2911	4535	6073	4500	7763	7405	6328	9251	4665	9007	8402	671	4884	8361	9516	4800	8682	5954	1691	4965	5817	3975	322	5104	8611	4252	2773	5925	9150	6045	8005	5810	8052	1101	5916	7234	4156	8398	8616	5961	7437	2054	6811	7635	6504	1134	9031	2374	1597	7048	9299	7155	3682	8414	6373	7891	6893	1687	5061	497	6608	6447	3930	2018	2827	1558	9429	4364	9567	7194	6758	6651	3144	8367	9013	2614	5017	4098	5195	7806	8149	7962	3119	8236	5883	1070	6746	
7798	4944	8128	6417	5702	5138	9285	4346	3976	4690	9183	8461	5218	3966	5086	8590	7260	640	8954	4056	8769	6352	3454	7200	6148	8228	5888	8344	5811	7676	5437	5513	2532	6859	3272	1155	6051	8625	4222	6071	4339	2041	8852	4074	6847	5611	4736	8730	4273	8482	7329	8595	323	8838	9138	5011	3998	464	1976	7232	2012	6267	8572	5604	5456	147	7720	8536	8095	7525	5635	3752	4290	4350	1703	9594	5930	5367	8177	7476	9344	8640	504	4818	7684	6096	7368	7489	8383	6770	6139	7212	7393	5224	5453	7243	7745	8117	
1314	3093	4762	3368	9223	6184	6896	3553	3818	3527	517	2326	5128	3846	8983	7052	2853	8855	2237	8594	9302	5472	4523	716	8666	2285	3757	7464	6660	3391	182	6286	3689	330	820	8617	86	1142	9227	6634	7441	1607	9118	2693	9015	6975	436	1297	897	8070	1123	3348	947	7701	3081	4510	1850	6856	2392	1294	483	8800	4140	9511	4807	3665	5510	2107	1332	5163	7803	409	3536	936	7357	8240	8981	1701	6417	8859	5812	1568	8078	6823	1566	8678	3544	4192	6531	368	609	555	3329	6091	1012	7416	3881	2184	
7223	1998	5664	7089	3043	7063	6048	69	7185	905	8080	6258	5847	6809	6446	1613	1268	1744	9596	7714	2608	6567	6521	41	5223	904	5916	1363	7239	8585	8205	8737	4980	3598	3699	1450	4864	6730	854	2123	6327	3623	3316	8621	6432	1995	1865	565	6178	3882	3594	2508	6901	8968	7874	910	4527	1961	4146	3001	7795	964	7397	8428	5364	4878	6535	6129	5848	6768	2334	9178	7439	8317	9481	5313	3511	3695	7883	9350	662	2988	222	7637	5857	292	8957	7832	4894	4001	7614	1137	5793	2239	3740	3384	8327	737	
3952	7507	7221	8892	498	1951	331	4022	6367	7863	3186	7702	2097	7171	6722	4190	2666	1378	468	6073	5924	7062	2005	8930	8372	815	5733	1682	1543	844	1632	6976	9558	5491	6056	6047	694	3926	7206	1610	8896	3009	1312	305	3411	8356	4376	3597	9380	505	6307	3708	9515	4082	3654	4188	5641	8366	1937	3478	2066	965	6236	3501	1437	2968	3486	1896	3270	56	1467	6276	7148	1977	1377	8736	4522	1740	1739	1380	3515	2504	2634	1625	5652	8939	5192	1569	3592	4681	8034	1753	6156	6611	3481	8917	1712	4885	
6027	2920	5897	6743	1516	2938	2793	1757	7101	2730	7096	9333	4576	7522	2753	4779	9199	2788	9051	9275	3312	1583	1504	3680	4680	3503	5161	655	5049	37	1841	5097	7638	1247	1094	1901	8633	2698	6221	4969	2266	885	4854	3676	315	8881	2941	2308	8865	3037	43	5029	4594	1612	5563	6338	8209	2208	1166	7501	2618	1401	2182	7099	6283	6101	3768	3150	8822	4095	3389	2863	5138	6650	4013	4569	6771	5862	1181	6155	6662	969	833	7080	3735	3286	5081	5585	1738	3385	5956	971	8767	4351	8878	2874	3083	949	
7124	5215	877	2719	5653	1337	5132	3322	183	5926	5941	6704	872	695	7485	8050	6899	1154	347	6798	7550	2057	544	5458	2928	534	628	9566	1405	1627	4071	5476	5024	2873	2140	9530	7912	7152	2206	4163	9550	1066	2866	6485	7498	7991	8976	6347	8172	5050	8549	1367	6679	9153	7415	2072	8226	4454	3567	1999	3904	680	3087	6330	7093	184	3928	5688	8091	4541	8273	5063	1892	2783	2108	6473	2188	1994	2685	7264	2929	4718	9126	3157	9315	8507	496	4388	6922	1562	1709	6602	772	1316	5067	7283	512	5277	
11	3164	1302	2238	5258	3073	8023	4797	8335	6204	574	6481	3540	3306	4410	2229	4018	8551	9443	8102	814	7915	5809	3819	2678	2818	369	5088	1148	6358	9052	4204	5623	4688	6290	6501	2388	5134	8967	4035	1840	4387	9469	2226	9461	452	977	4024	3399	2949	4329	630	8233	1254	7815	1416	235	2525	1270	8625	9428	3621	6203	3370	3151	2758	7643	3569	1435	1533	4427	8513	576	2158	3771	5483	5489	2099	2052	621	61	7720	8929	2997	7365	5940	3744	2654	5828	3887	5778	2338	6392	3246	5934	1877	2171	8249	
8835	8901	8588	568	5399	6695	7114	617	2071	1685	1773	2105	8831	2463	2562	1614	3144	8349	2294	4324	7271	4104	4446	7890	2331	8325	5801	4899	6362	5576	284	5852	5130	9270	9528	805	5748	5648	5799	5864	2217	2095	1047	4320	233	8042	397	2594	6656	5337	2359	7642	962	5717	2879	3206	2240	1557	780	6503	7973	1897	8132	6325	3015	1936	8600	2173	6932	4583	141	7233	214	8215	3717	3582	6849	3131	8894	5027	1174	8119	3762	1879	383	3260	1379	4178	6874	6393	8114	631	4557	2765	3666	7988	2759	9344	
1133	2261	391	7333	7267	6936	2529	8746	6051	5160	2275	3053	259	6035	2823	3604	5637	2399	6520	4832	698	4963	4575	6222	1404	2413	9500	8290	4507	1928	2350	3677	8161	8693	8005	1908	6239	9244	1622	8631	2230	6761	3755	1083	4853	2202	8610	2828	5555	7492	6430	9288	68	7443	3256	5422	406	2398	1725	5798	2547	4122	6182	2389	3910	419	2163	519	1586	1105	8577	4068	9013	5965	2990	3380	2010	2515	7408	5654	9142	4101	1742	888	2267	7118	4073	562	361	5203	3662	1220	3550	6530	1397	4766	1474	770	
7855	1169	7160	2897	7132	8931	8314	2433	6489	3067	5206	9535	6880	8627	4194	1399	7557	6031	4130	2417	197	3632	7169	3547	9471	3109	4954	1322	4554	4484	3388	2162	9478	1830	2789	2534	129	8429	3885	3163	7663	6510	9236	1	2215	8306	8611	6492	5371	8643	9371	895	151	1914	2777	4856	5307	5560	2925	2538	6686	6252	9438	4062	7025	6288	3612	4868	3790	2441	6527	4419	267	605	1747	8405	8531	2452	1678	8355	7313	9291	2041	5319	6877	3457	3062	7181	5914	4356	2953	7677	9036	1912	4406	8009	7682	3786	
2382	4761	464	957	9323	9059	6147	8473	401	195	1274	2642	4027	1731	7948	3153	4282	4881	1283	5660	3190	1591	6875	3070	2187	143	4996	5883	3983	7899	6792	168	4847	1428	5070	8902	2835	3105	9032	1471	6153	9295	2822	3490	8344	9543	6719	4304	7979	6299	6395	7462	500	7473	1062	3639	8743	7579	1306	142	7117	1042	2210	1846	3710	2520	4382	2775	1357	2151	6622	9207	5366	5912	4970	3551	3839	6251	7842	1013	3126	5882	5023	5015	3012	7735	4850	4267	5	945	6334	1770	791	303	5193	8729	4374	7779	
1209	1164	3583	4487	9079	4025	2805	852	2540	5797	3953	7343	6474	217	7109	1902	7364	6506	8431	1228	1111	5156	7646	2346	146	332	42	166	5017	3181	581	5299	2380	4811	6684	5255	7277	3123	6278	6562	7470	5741	6414	1071	2509	4371	4943	511	8011	2357	5996	4763	3055	9376	6483	625	7666	3747	4825	8539	4711	57	118	6050	1532	1839	7792	2956	7958	5051	3932	8313	2079	1203	1608	55	846	4256	8268	3919	5345	2729	9135	4514	9361	1662	549	1640	6576	44	1182	2414	1948	1480	7589	8863	8342	8030	
9147	3526	1905	257	7807	7222	2253	1811	1544	7442	8797	478	6060	5985	3177	1800	2776	2482	8606	7395	983	611	7671	7921	4295	8398	6136	7402	613	8318	2174	2461	7542	4876	3201	4307	5346	4552	4857	8471	996	7103	4987	9571	2932	5625	637	245	5713	152	4424	5954	3866	2737	7085	9523	6568	4040	1162	9018	652	2628	8772	5207	8244	7891	1067	8669	2360	7034	2384	5905	4666	2819	193	353	5002	7699	6103	2343	3638	1984	8871	6843	3529	1831	344	8918	7551	8721	1315	15	1788	5702	8182	108	7445	3185	
415	1016	8596	626	6796	8660	8646	7151	1393	1863	1352	9189	3835	9173	4009	5485	7933	880	2339	7880	2259	6218	491	9453	8506	6096	3631	994	2683	940	2109	7532	8676	5036	323	6733	6209	4669	8222	8236	634	423	8923	5532	6598	1982	4732	9268	2028	9582	1506	3713	7527	3445	2492	8105	2003	13	4577	7437	4834	93	3642	4470	3221	4349	2585	974	5398	2435	3857	5834	2731	1535	1445	8742	6064	3379	9056	2194	1802	45	443	2694	6426	8909	2205	7587	1368	6620	3944	3283	6370	7098	998	6938	2918	387	
2408	2024	751	3345	3063	9489	6197	8935	8154	4145	4447	5784	8181	7886	9409	5304	2092	9062	6539	2366	8995	2328	4819	2986	4440	3574	3737	6705	3506	7647	6273	2916	6384	2586	2501	6826	2672	6861	5758	8544	4645	1630	64	1646	7917	7105	4995	8462	4912	5178	8813	8170	8000	886	1415	2381	3118	3552	2161	980	6210	8671	2991	2947	4612	668	3117	1967	8069	1119	9167	3173	5913	2555	5937	5740	2257	12	8027	5679	6612	6128	4208	2627	3255	9565	4201	1628	8820	5181	8537	5759	1171	2558	3738	2974	1605	3454	
9390	7952	2224	7447	8284	1500	1493	3957	2471	1487	4241	8289	6915	2851	6470	2047	9204	1541	2367	4092	2908	460	7577	6072	5400	619	9205	1767	2130	7418	2856	4120	6322	199	6361	3078	2760	5572	9417	6871	2600	325	8271	3330	5958	4551	6206	165	8882	7593	2830	858	7136	5334	1910	6244	7796	4280	2992	5556	987	7324	3482	6148	4547	2120	3130	9027	988	5829	2500	3197	2994	3950	2031	3828	6214	1218	4033	5086	250	5446	3204	8581	6989	5035	4617	5222	6770	816	188	6429	3269	7834	5154	7715	6077	297	
861	2302	3600	3310	9395	4245	587	956	1152	4692	7871	4942	1278	2084	3357	8045	6902	9567	3336	926	1590	5316	8200	1565	5410	3727	1854	3277	1934	5521	4155	1098	2570	6480	7867	3721	4207	312	868	349	282	4975	5986	1872	4234	1349	8503	2325	4268	3373	3184	218	5530	2782	7130	5234	6284	853	7058	3711	6696	2426	224	7284	4365	5123	1092	7341	2621	2690	4366	3796	3241	4923	8868	3949	8148	2322	1308	3491	4687	5885	9525	8725	9009	4911	7710	5835	8052	7785	3240	3918	3451	9239	8969	9526	4456	9330	
301	7257	1260	5952	7122	5254	6141	2330	3817	1011	4839	7700	6342	5743	8400	2299	6734	8386	648	3659	4708	871	8282	6648	2195	1074	7736	539	9491	5110	2356	5860	5780	8302	3914	1756	3199	4796	7960	3135	2958	6146	8204	4286	738	3825	3075	9024	4860	4874	2954	4598	4916	1634	2379	493	7538	7413	1986	8623	4439	4902	5692	196	7405	4154	3138	2815	2296	3011	6862	7688	5769	7971	5139	3903	3170	1893	2981	4496	6680	1498	7033	4019	4814	1883	2847	5656	4652	3832	3500	3797	8785	7730	1093	9465	6793	2074	
3079	4314	7943	8293	4014	24	7831	7165	7296	2013	720	1261	3341	6436	7900	6407	1797	9089	6551	4158	4083	907	6738	392	5732	1882	966	2898	2362	77	1010	7760	2745	3172	8986	1805	4695	8147	9585	5621	1909	1364	1761	2721	4341	5104	902	2631	4686	7475	8258	8315	5481	5285	3777	7771	6619	1038	1888	2484	7907	6514	8474	8572	8771	8467	943	3152	863	887	2912	9436	5369	9456	3531	2497	2710	6132	3349	7649	3111	5248	3742	1899	3121	3456	6499	5440	296	8345	8144	4950	9457	4827	4741	5680	4055	6081	
715	3155	6803	1400	3579	9603	3107	2233	3617	3158	8213	8389	5880	5264	1475	9225	4067	681	3433	8319	9242	4298	3214	2309	7696	7251	9445	8823	2055	2746	762	5033	9385	5038	3427	4230	3655	2978	664	4450	4937	1878	3849	4191	1672	3691	7011	4181	8085	9431	1669	3234	3072	1248	4627	1267	6478	7749	3360	20	1703	1173	7156	967	557	6982	779	6070	7287	4572	6802	5245	867	8861	9493	7127	9283	8424	172	831	9378	9548	5844	8612	2067	2354	3624	1028	8307	2116	9360	2371	5184	7335	958	4783	5000	1503	
7859	5525	6229	1446	6009	96	7517	8412	321	946	2312	6735	4012	6271	3913	4285	6597	27	6729	4465	9087	2637	1529	3812	2611	2593	2895	5975	8449	529	8829	5325	3052	2839	4134	7432	8086	6990	3718	3213	8753	5528	2566	2860	5108	7762	6449	7266	6540	6633	2423	4209	1000	1783	17	2361	3297	2768	4846	2722	8017	3410	2216	739	6747	1594	5246	8756	1172	4859	6935	4886	1068	7596	4444	2026	7177	8397	2713	4438	4927	7420	7126	5513	219	6144	5981	9047	4399	2887	6108	9547	5349	7942	3976	266	5620	8115	
7426	9549	3715	3954	7648	9093	2409	656	7489	3811	1567	9257	7299	7273	150	3591	6654	5973	571	8022	7449	5707	8883	6089	456	2303	4442	422	191	9004	2539	542	5993	667	3645	5647	3479	7120	1582	2633	3132	3414	286	5668	3038	3274	8199	1015	8787	5613	7345	1748	2989	5217	8409	135	1717	3810	8584	9326	9334	4972	3314	9296	3057	8527	684	3470	7506	9061	9140	8701	3615	3182	5765	430	7977	10	4668	6068	1231	2431	6687	2735	1749	3572	2145	803	7339	9408	5903	561	1538	3398	2282	8632	874	6744	
953	6316	2241	2446	5363	7338	742	2006	4129	5273	2930	3584	4656	2011	458	6762	2091	7946	7774	601	6652	3020	3211	9065	5908	8620	7866	8309	2902	1775	7045	697	6955	8360	3557	4979	1451	4175	363	8758	3673	3571	3619	320	393	8433	2843	3031	8084	4350	111	2341	7865	2811	5592	1530	8661	499	7461	5790	7980	2290	6690	3975	6275	5339	1950	6942	4622	9139	3437	1705	5227	4162	285	213	6133	1057	4367	8808	9517	3461	1990	7645	9335	580	3227	9145	4270	4257	5963	504	5263	3652	8228	298	7693	508	
1104	5604	2344	3122	7839	2469	9179	1642	426	75	1875	8112	53	754	6910	6112	3290	4344	7281	3106	1483	8188	7355	1018	782	2706	1082	7583	838	1657	5396	1782	2196	4726	5951	913	4710	6424	3040	7847	7986	4765	2023	8194	700	5259	3346	289	2043	8590	7989	201	7997	1489	2247	7539	2154	6465	8037	8196	993	3827	5826	1852	2252	262	590	545	5137	1925	6122	8197	9198	3247	3921	2424	1820	1230	3412	4743	5120	5174	390	708	6217	8841	2012	787	1521	875	9143	6329	4196	8421	6929	3013	4562	2868	
7737	8515	8998	3003	6546	2036	6004	5216	8142	4744	9249	6876	7968	4433	3972	8469	3596	4837	8321	5542	8517	2289	9163	8658	6855	3679	1366	8013	5435	5990	9228	8858	7348	6130	9226	7970	1648	5388	7308	995	5558	5752	3826	849	8010	3065	1229	1386	7844	4739	7806	6043	5999	9043	3291	2872	1253	5635	859	3681	8140	454	9218	1652	2773	2129	4717	2724	6303	769	6219	990	7440	6380	1147	1673	7234	2083	5039	8966	7481	4093	8779	1787	9313	2899	3620	4357	685	9005	1061	1958	7246	1511	5902	6764	3977	2970	
3257	3140	7268	9355	6606	420	6161	2602	2820	8088	2242	5320	9029	657	1821	5974	1554	3759	3840	3198	7966	1035	244	2466	4549	5930	402	1246	3939	4041	3590	4891	7250	8811	6116	1953	2364	5428	3216	5064	8583	2867	6198	467	1237	9017	8750	154	6898	6250	1691	7605	5148	4620	4714	1410	1041	3387	5011	4949	2075	1847	3923	3684	5737	8653	3229	2236	338	6377	9487	5849	7982	7553	1180	5751	7040	2301	5968	7334	2211	4759	1915	8915	5904	5267	4852	6783	3076	1339	6751	5618	6972	2964	3136	3200	3495	7750	
1014	6712	7164	4546	7236	3649	9156	1895	9192	9534	2792	7123	1009	950	6659	3183	3982	2587	8916	5898	6549	6256	8488	4112	1885	8038	9484	6245	2715	4414	6707	9507	8217	4063	6226	2483	9151	829	1256	2533	4224	2287	4581	3859	6099	1661	2020	8723	9359	1069	2406	8348	6435	1391	7585	4119	5351	9513	4110	1461	3174	3688	7081	7728	340	5786	7732	3667	7872	1828	3299	2961	1671	4318	2817	8227	8869	3243	5495	4706	4632	5281	3169	7201	7374	3971	2365	5948	465	5416	4485	1502	4727	3096	4141	672	7858	2742	
7067	6572	6270	1345	7401	5771	1179	1048	573	7781	3916	6645	4828	7804	4983	1326	7476	2736	3498	952	8124	8716	4459	5987	8694	8291	4907	6794	8298	9057	7790	7729	4615	7471	8175	4749	1299	5597	2172	7904	6917	6025	5119	3814	1452	2181	1189	472	2543	2317	3805	7265	3469	4773	3779	473	4930	6774	139	2707	8437	6808	234	2323	1039	9389	6220	5992	3965	1633	5614	5073	1838	8118	2702	4833	5832	2378	3774	586	1170	7591	3915	7428	4924	7297	6700	6563	1638	7600	8703	3703	4654	2269	3892	9063	2436	6084	
5610	4756	677	546	1611	2451	7078	9169	9473	1723	1143	5506	374	3318	310	5356	1421	5596	2804	7624	3661	7727	8443	1477	7170	122	8295	9190	4935	4056	2121	8991	1126	1653	4704	4243	4392	1969	3051	3871	8975	934	4291	9113	7029	9050	8381	2542	8960	360	2165	597	9406	2434	3403	6117	2271	4077	1440	5196	6854	102	2778	4372	4915	6173	760	8732	3413	5327	6837	2689	6550	4117	4340	5411	3523	4099	5859	2166	5640	6238	9028	7709	7680	6265	1776	2065	1806	1501	3279	5020	2892	6609	2551	2022	7903	7889	
7543	845	3634	4044	210	9146	3041	2170	7612	8556	8814	1285	2625	4689	373	8179	1346	4330	7468	663	6784	6657	9319	3178	758	5172	4479	356	6479	7833	2416	1858	8153	3276	1578	6820	431	6313	4138	2373	6295	5061	1991	2231	4437	2246	8234	167	6421	8839	2085	7845	789	8081	4539	4623	909	8511	7026	6954	6865	9579	8888	8407	475	4080	2249	6746	8751	2894	2651	960	7430	1241	3193	911	2567	688	7493	7182	3769	5627	8603	8477	7390	8138	228	7794	3991	5121	9386	7253	1037	9253	8533	4334	3483	714	
5046	5496	1335	9399	1443	572	1576	1505	4880	8171	6873	8166	3323	535	4381	8867	8942	8691	6946	6269	1855	7524	2306	2967	9155	7850	4115	2337	8685	3238	7734	1548	1063	6253	4835	1177	7205	4677	4111	33	7298	4006	3924	9354	5324	8465	3416	6225	7044	8163	2377	7215	8352	4126	8937	8096	4266	2636	4875	8415	287	3042	1626	3848	1623	1645	6753	4431	1318	901	131	3215	5261	9336	7278	6308	1549	6074	6608	6564	1906	4788	5825	8851	8563	8255	954	1215	2316	2319	8516	7759	2293	3466	6502	2763	5509	1374	
8932	1327	9111	3222	2802	6846	3686	6026	2324	1619	1869	1097	5244	9094	2523	3090	1931	2141	4161	4858	7509	2127	1930	8801	2561	435	6487	3863	6241	205	3956	4416	417	5022	8363	7197	9088	2878	9137	6945	8241	2575	2615	2197	2517	3605	3641	5899	7944	1472	7180	7072	2491	2576	8687	1109	9342	2262	3431	3852	8448	8329	1620	765	4289	3447	4375	4820	5365	6806	6912	1485	49	164	272	8066	6185	81	9470	1046	9097	8559	5911	6023	7552	6581	3831	2245	1722	4281	3880	3974	3820	9191	6131	9578	1462	6999	
6970	2836	7683	5906	5308	5818	3045	8589	9070	7611	9193	6343	4512	3288	7478	5098	8250	1677	160	2619	1281	4165	1096	2276	2684	6828	5429	6097	7494	4584	2754	5140	6007	2468	2175	4641	1288	7087	8728	2921	2295	9112	2598	915	280	9054	6168	4089	9185	3294	5950	2405	7530	658	7969	1036	5185	972	5970	1716	8626	1263	3525	9075	7914	9129	2852	4213	8283	2825	9276	6676	3833	1250	9497	8760	629	1065	5516	2613	2443	2193	5845	2168	1341	6921	3644	6272	3402	2809	5726	4400	862	5482	1453	5691	2403	7178	
8033	8143	5888	2104	1027	6279	8340	7450	2430	6782	1129	906	3019	8951	2972	6786	288	1956	2903	7843	4108	5891	2137	3696	645	5321	1794	5466	5247	2199	9280	4932	2962	569	3446	1574	1963	3146	3120	7571	2479	1051	5311	3630	1479	9353	6363	3601	7870	8913	2896	365	8185	4531	3722	4193	4488	7809	2149	1411	8476	1192	1412	2734	7005	6649	2333	2391	793	3439	4664	3901	3432	898	5508	6471	2688	5146	7927	7976	3467	2786	676	3000	8323	1851	7344	3798	2712	3709	5391	2336	748	6570	5823	366	1536	2394	
1509	7705	5754	225	249	5693	6028	3938	8635	3407	9531	9117	3324	1843	1390	3006	2278	3434	1796	7230	1862	203	6579	5594	1216	4889	4272	2185	247	1005	6383	5886	2153	809	2455	1186	1460	1125	6625	28	7097	1072	1750	8636	675	470	1053	1919	9114	554	593	7496	2440	5570	2070	3176	3739	1665	8792	5933	9170	4464	7837	2393	5014	1473	4673	3159	636	5535	471	4480	7987	433	1964	9320	3448	7463	5980	7202	1221	1667	1525	6838	4079	1785	6353	1690	7092	434	5461	162	440	8120	6401	8688	2288	4123	
5253	8259	3806	570	4948	4936	2300	2200	7787	8630	5441	5204	4116	4798	6202	3970	1983	3793	9520	377	8514	6066	5566	6345	3309	7059	4559	7135	6127	3292	7590	8564	4778	5670	251	6881	9593	1059	104	7861	1996	4107	612	6961	8438	8202	8642	8497	7546	65	7027	1486	4638	4328	7783	2204	2499	6422	7304	1825	9086	8337	5021	6366	9369	8899	690	7574	7513	7262	1780	4780	175	578	1488	3535	4870	3192	9391	3874	764	6974	6044	1112	5256	8265	8442	382	2376	778	2950	8212	7286	6467	729	7884	2001	1436	
8104	6699	7675	9581	8943	432	1679	8410	4411	3262	6893	1233	2626	2785	7686	5870	9314	1812	1644	2536	1592	5815	8759	5447	8071	8198	761	5574	8475	892	9460	5106	8665	149	7316	4326	2692	5169	4342	9250	7454	1054	7627	2058	9480	600	4535	6755	7972	5094	4596	206	264	2110	6977	8380	7161	1917	1044	4377	2891	4244	1706	8301	5373	6157	3493	3512	817	7315	8402	6590	3907	6475	256	3362	3625	5565	1555	2119	8479	869	9095	3564	1365	563	6944	6835	2738	442	1236	8168	9519	9072	7689	3082	3968	717	
9503	1818	3973	3994	5644	8602	548	9560	2733	9490	5783	3603	5720	7188	4180	9035	2320	7242	2457	929	8470	3510	3025	9450	3858	6844	1206	7651	5813	4674	1200	5047	6404	8952	1988	8374	660	5473	7626	261	6604	8073	8058	6731	7620	8719	2960	6360	1697	5893	4887	632	1300	3066	6266	5609	8824	7302	4094	5760	3364	1432	302	4390	4186	757	5355	2904	9069	696	5725	3701	5947	8675	9449	6832	8145	2571	1598	3538	7362	9040	97	7074	1924	3995	6321	4556	7658	6189	6713	9307	2890	6063	3905	9437	4947	7934	
7676	7617	6780	7632	3728	7423	9202	7882	115	2068	2682	8651	891	8262	1584	6628	6374	6459	8540	6723	1927	2599	2893	2311	8376	8904	9060	1193	2951	3606	991	6532	6371	1687	6410	6853	6779	7070	2126	538	8624	6957	7754	740	8994	8509	9210	1262	8793	9553	1887	7560	6603	8350	3098	3033	7607	6054	3475	9136	7534	4682	644	7537	1043	9532	2223	4579	6757	1579	309	2914	9195	893	5932	4125	670	8854	9546	1317	8103	2340	2790	8414	7016	8109	8769	92	8962	2437	6289	5444	6033	3791	1153	6349	564	7549	
2601	8403	8203	2749	3987	1459	6529	5561	8296	1886	7404	6124	7275	7902	5058	1588	5077	5211	7893	3383	6011	744	4635	7028	6354	7684	6678	7125	7707	5756	1301	6208	399	1819	8870	5166	5814	6075	189	7628	2077	8130	3471	7001	5846	4543	1943	4135	7777	3724	4364	1833	0	453	802	4573	1201	7487	3888	7857	1968	5378	3795	158	7841	8231	8483	6332	5988	8305	3613	5524	8207	2476	7704	3927	6456	3077	3017	1585	6791	4740	7140	328	2744	120	4171	978	520	3044	6653	8833	6943	2671	5598	2701	2940	7949	
2102	2040	5719	1710	1385	5584	6533	2572	6916	5976	9577	755	299	8074	5755	4203	5353	8230	8681	2644	5539	8300	7829	7056	2467	7301	4599	3205	3546	6516	1423	3509	8028	1970	4555	2907	3674	5200	3365	8541	8692	6125	1110	8242	7012	2649	1822	9444	8786	7929	881	2133	8700	9446	2421	4917	3776	4278	9287	6534	7376	3802	4483	3517	8717	654	884	7168	7128	8418	157	2244	1196	1654	1971	7625	3191	8450	7279	5159	1002	8862	9383	7157	1637	6287	5557	4059	2648	3171	4198	8677	8891	3799	314	2798	7876	4497	
5455	1131	5407	7018	4952	306	2220	1881	1207	5779	2716	2355	7385	1052	5287	4172	2400	6486	4462	6702	2943	4906	1204	4956	1792	4800	466	2976	2310	9424	6463	951	3266	2975	5309	4758	2004	2670	6145	925	5858	5433	8560	8848	2661	7082	220	3513	5370	268	3851	1698	8984	7852	1183	2800	8872	2279	9352	4683	807	9416	4421	6126	8795	8006	4578	6840	34	9154	3997	9077	924	9498	711	2660	646	3350	4046	6640	8826	1431	5143	3209	2703	8587	1766	507	9305	8876	9124	8089	3145	8650	9467	5043	6926	8279	
7652	7263	6053	6950	50	7923	5141	2604	2614	3347	792	6758	132	982	9455	3226	7314	2412	9213	8628	9300	7134	686	2859	5173	3175	9310	5152	1484	6623	2335	4944	3100	2519	2764	8996	8745	7769	6971	5218	968	5403	5887	1758	462	2096	3358	9474	4393	3218	6978	87	8950	979	4308	4114	7456	4597	3555	3129	6215	8757	1859	8046	9516	1099	7083	5487	7695	3023	7919	4385	1293	641	4933	9131	5669	908	4331	4658	558	2589	6905	2033	1132	3029	7939	8116	4279	4789	560	4794	1234	5380	4826	6230	8699	237	
9149	9435	2214	7983	1755	3576	322	7071	7079	6294	6759	1249	9392	5792	7144	7888	5497	5663	1587	3278	7370	80	2616	1017	2221	9042	528	5442	8486	527	8680	3180	3940	1534	357	8849	3289	8649	7204	4159	8067	281	5438	9243	136	4722	5629	1804	1836	216	602	3823	5100	6339	5804	1138	6860	999	725	3436	1808	1175	1966	371	4221	4709	8529	4644	1809	8269	1370	3844	1136	153	2000	8446	6020	4713	62	4771	1239	8900	2659	6715	1167	3327	4775	8844	6583	1101	8574	4432	8561	6234	989	8555	138	5705	
5242	212	9102	6720	4705	7932	5894	9172	3339	1791	9580	352	8137	3142	3685	3018	2472	6100	2203	753	4299	9127	7095	2073	9231	6082	6827	3778	1559	6637	8546	9187	1343	3328	3893	7937	4064	3127	3930	4823	5221	2926	4960	7036	8744	870	7000	566	163	6811	2038	8399	3845	8354	3465	9589	1056	801	5322	878	3561	5296	9554	3397	4703	1835	6397	2248	6642	9058	5785	3361	9066	4131	7049	8351	6078	4306	8837	3556	1981	1381	8550	9021	7906	1512	9246	8270	9540	8232	2139	6291	8720	4274	6390	7721	9502	4362	
5569	7990	2225	3048	3224	4841	337	179	1891	5091	1076	6585	6193	5606	3789	3141	8056	1649	21	5235	1916	1184	1816	1570	2207	4443	3602	4236	227	1007	246	4231	7633	7228	6466	7752	9587	5843	9343	6022	2814	3417	2714	6888	1361	112	7077	2176	6821	4398	8457	818	1158	4380	691	6172	541	1383	7255	1643	7167	9298	5639	3319	6038	3948	5571	3477	3449	616	3086	8920	5552	6376	8320	4225	2709	6071	9197	1369	5153	137	3772	4503	6372	9482	7619	3472	1073	4785	6357	1510	5471	355	6154	2258	6428	4548	
8711	8487	66	6255	735	2493	2563	7669	8026	304	7995	6763	1727	6556	5374	4305	4959	6194	3731	2732	7129	5678	3570	3962	6833	4493	437	2390	253	9458	9119	3853	5028	348	9590	7731	7897	5715	2546	4884	1448	6643	8608	335	2935	8178	5494	5408	9388	9432	882	9123	8332	5387	4032	7561	378	243	7860	4451	2834	6595	4614	6949	8489	2018	6477	5390	5241	2488	3873	9174	7767	5118	6904	202	3315	8670	1520	7174	6402	9337	3937	9602	2592	7149	1114	1760	704	7823	4000	9080	9356	8049	5538	6441	8673	4202	
5955	8472	7981	4909	2610	9557	72	4397	2959	1375	4940	699	6110	8911	2727	4795	501	9084	4492	7179	9260	1197	2535	2936	7291	7613	2465	1959	794	7328	2550	4232	7665	2268	2490	487	5577	3485	1624	8237	5764	6979	4408	211	985	3562	6002	4990	2396	2588	9536	4738	140	4904	3530	2448	9492	2787	4354	9133	381	2505	3533	8106	1845	7713	6058	4373	9379	7254	7690	6328	8126	4872	588	6087	1079	2996	2134	4517	1528	2965	7347	3284	8890	781	777	7173	959	7511	1022	273	7504	9031	4595	1935	6544	9324	
1680	8261	4436	2450	6566	7198	8310	5608	4335	5636	4170	1589	403	2553	1494	8238	1449	984	1515	1593	5112	3337	7318	1801	5683	3754	1724	8173	5212	5445	1311	4449	5330	6692	9297	8970	3804	2676	1513	1540	5896	7213	8206	8607	3628	1178	6605	3894	130	5901	2496	9294	7918	6518	271	4793	155	7748	6440	7386	3586	6355	223	8601	3313	1720	9339	4359	6491	5549	7878	5795	4237	1867	4085	7802	916	8430	750	9393	608	4504	7800	8500	922	2449	5995	4251	9568	133	9504	1324	8334	3909	95	2432	2477	6892	
8502	3548	3608	4441	4586	819	5590	4563	771	6443	8634	7406	9561	2015	2969	2774	2812	2227	4600	9134	7158	939	2664	7791	6419	5306	5917	5060	4905	7877	4276	3344	3587	3305	7516	5531	3088	536	3520	935	1353	6765	6195	3733	9318	8060	5233	7229	2919	4418	3254	8974	7761	3014	6626	4003	7896	8286	6061	9586	3148	7360	5260	2113	8416	7010	8686	107	6085	5920	8713	4455	6851	1333	8768	6076	476	6992	6632	6616	7414	5619	2250	6462	7500	6589	4269	6012	6789	2401	4518	6721	5348	2062	354	2552	4606	7479	
3442	6852	1795	3627	7035	7592	6438	2473	5727	8018	1141	333	9109	3611	5409	2453	2771	2875	1284	4039	4045	8647	2081	8248	4072	8726	4051	5331	2630	1001	6698	3920	178	2286	6839	488	6454	524	1273	4571	7778	3765	8276	6787	3922	3366	2612	265	3285	1191	8288	7377	3607	3761	5503	2035	4661	1156	1287	3528	7482	8525	1939	2924	2747	3404	5090	1729	4698	5452	3039	3767	3618	4336	1683	894	1834	8164	1923	9401	3030	7681	1784	8791	6375	3435	9321	3758	1441	4716	6143	5536	5529	91	3943	8682	4302	3981	
2806	502	6497	8740	7868	1309	3694	8150	9181	6948	8543	1997	2620	5624	8436	4787	3993	4585	450	4501	4404	834	2581	7635	1713	2641	7854	6134	5157	3251	1704	1945	515	9367	1019	7810	776	8645	1903	8955	4873	1650	8219	7359	718	2700	9152	7851	5856	495	651	9000	1350	4391	3886	1214	8062	2761	2507	6536	7636	3942	2647	6411	6900	9096	8604	7862	7512	230	1344	3460	5397	6508	9165	3102	6769	8432	3202	2691	6472	1595	3854	2135	8208	7957	8343	5666	9157	9078	5249	5626	1656	7192	5501	5601	3687	8316	
4369	1077	1688	4223	2718	8299	9462	5770	6934	8149	5453	5462	7261	4097	3663	5066	8664	6248	7195	3878	5354	3807	5305	2516	3884	4426	2848	1482	7232	7533	492	2725	4965	944	4463	679	5382	2183	5479	7515	4069	1918	9209	5295	7369	6445	7826	4997	8434	1427	1455	6836	1975	1779	9439	5583	9272	3112	1670	3396	1735	7226	2370	1659	276	5935	522	6055	808	5368	2037	3842	1894	1868	5384	3248	2900	6711	3293	1745	3683	3946	2502	484	4728	414	5423	1146	2313	6671	8640	4958	4016	8092	8953	2387	3809	6599	
1527	7963	5972	98	1631	4534	7673	5630	1006	5318	8378	6525	1049	6507	942	346	788	4260	6083	8924	2799	3064	389	930	6505	8508	9254	9464	174	8788	2053	23	6005	6824	4473	258	9266	9261	3782	2101	1468	4475	5523	445	3372	6138	8388	5135	8072	3047	22	1347	1321	3275	7200	674	3134	3444	8874	4712	917	4781	6988	6795	6996	7739	5978	9555	7940	2159	900	341	6636	1240	8766	114	4865	7293	506	6310	5929	8898	3732	8358	2656	2963	9451	8575	7562	4822	5109	3231	2014	3714	5991	7075	7175	8553	
4634	5622	2573	1232	7819	7483	7199	1890	3519	3489	7064	1522	29	9025	7775	2728	490	7150	416	1330	9384	7190	6933	3752	2117	6382	2375	3560	7996	774	6614	9164	3670	7856	1658	650	5534	311	585	4665	8156	3800	5821	6187	3440	9414	8718	2579	5983	6886	9273	7746	4729	6312	2138	7310	8098	567	4679	9215	3103	3542	2164	7241	4939	6848	6079	1954	7048	2201	8201	269	1040	4914	4049	8122	8263	5136	9247	889	1205	1827	790	4317	5810	5603	4506	4157	2858	7458	1045	1699	8445	6046	1476	3375	5165	7541	
3801	1202	2780	3484	7835	2318	8908	5336	5919	5923	3034	6039	607	5587	9472	3783	407	2147	3334	7692	35	1904	3657	4176	6651	5486	2025	614	7801	851	4946	7581	3599	6737	8945	7209	9286	7015	6817	5808	6879	2486	4050	9394	4893	6772	1426	1777	5213	2305	105	5381	4261	8752	2977	2232	455	4639	9103	7327	497	8696	1277	1020	4849	5294	4831	6398	6639	4755	6592	5386	5175	4845	8456	1817	7111	9041	610	2464	2524	3028	5096	7121	8390	8552	4748	2427	7003	706	6282	796	7797	2265	3707	5107	559	899	
832	733	6624	6815	8211	5314	4315	4694	6580	7742	9466	9265	5875	7864	8494	4843	6814	2810	4136	5838	6118	4087	526	2474	6158	1252	1219	5504	3588	8613	1952	1025	1458	7554	413	1371	4081	1464	6543	6804	509	6037	1985	2629	1798	6151	6356	4384	5731	4290	1769	4782	3101	5415	2160	4810	3890	3026	6983	8616	4670	6019	2824	4061	5492	6963	518	1198	5274	395	4435	4020	7210	8582	3343	6732	9402	2987	5288	2321	100	78	5907	5084	3678	1290	2652	8499	5966	7818	7967	5704	9150	6682	7924	856	238	6326	
7567	7133	6693	119	6504	4420	2272	4608	169	1282	8704	3575	1307	773	1195	5270	3794	6937	6813	9495	3007	2905	5910	5010	2564	8272	7410	283	6858	3049	5099	6113	6163	6630	6162	4993	1572	7444	5224	1244	8214	5074	2345	7747	5326	5772	2454	2723	4801	8810	1728	293	9101	5921	2106	2157	5019	795	5655	3338	6135	9238	4218	1355	2880	7670	973	9421	3409	7623	8287	604	8838	2212	4252	9183	9544	8830	6057	8512	2349	6872	9423	6337	4457	1258	5589	1606	5671	3378	7326	2243	1651	8755	4265	1810	3578	1754	
2064	3464	932	3507	3264	828	813	4672	1597	3392	6515	7285	5332	5949	477	8712	5401	7368	7102	1681	3985	7387	5451	4582	9551	6573	1157	8463	4486	4590	1348	3622	3268	326	1085	1553	89	9362	4589	8684	1932	1124	4848	8530	2445	327	1150	2019	2993	1601	3050	3024	2017	8912	1414	7910	7269	2179	752	5638	3340	5231	8802	2016	358	2855	3287	763	1933	5083	1497	8395	2668	5329	5412	1957	8135	5117	2832	1342	8783	709	732	4624	4478	4650	447	5179	933	4028	2192	9233	9115	8828	6928	1718	5191	4091	
591	6863	3249	3898	2069	2122	3635	1264	1388	2813	583	8903	577	8245	8735	6257	6673	5229	7678	147	7984	8043	4895	8761	8780	7508	7743	2871	8956	2439	3459	2114	7193	3223	3162	6032	6088	5827	7601	4121	307	2632	1599	8024	1298	5053	4250	3390	3539	9562	9138	3766	4553	5414	2808	537	5478	5243	4768	398	9292	6188	3650	5289	1946	1271	5251	4528	5677	481	7176	5372	9322	5745	800	2273	1675	1556	6906	9518	4701	2837	7307	3656	1664	3706	8460	8714	4403	7453	4347	6998	9020	5674	4284	6281	8435	1091	
1807	144	7212	4898	5171	6541	5129	1384	6008	5420	8312	5909	7459	1873	5989	2397	4542	36	4592	5553	2556	3668	9022	32	6199	3494	3147	620	8368	9541	5746	9264	5499	8815	4445	1746	986	7289	2650	3167	5158	3545	2645	4389	1973	6231	2048	9064	5763	7219	4866	7237	7660	2125	9317	1026	6908	8817	5124	9037	449	7694	8440	7189	3734	5936	6547	7908	4588	8075	4863	1272	6139	5559	8702	5697	2332	1580	1668	1866	2821	3788	3785	4212	4651	5068	6663	6034	2522	226	4021	54	8782	2854	4842	4197	9014	2862	
756	8101	4288	5977	1075	575	3626	6557	4625	3966	1684	1255	4226	3455	485	5385	295	8136	2755	5162	9485	1087	3566	4536	3838	5969	4733	3194	101	1286	9234	8765	3230	4649	8846	6498	6524	1759	9430	5042	8216	7312	4407	6302	6017	5998	6681	7575	5687	3803	6745	7955	8906	8978	3496	5413	5114	5657	3549	7270	3867	2002	3760	2838	2094	8708	4325	3302	67	1465	1978	9351	4466	8644	359	1116	1965	6675	4657	2979	2256	6703	5115	7740	5013	8324	3422	5879	1714	3979	339	4147	8004	7037	8117	6918	8294	1641	
6754	1542	4928	6526	1296	4640	9306	2429	5718	1161	6829	8754	6165	521	7799	3967	6352	530	180	7112	4490	4346	2374	1430	5645	3875	1751	6268	4185	9537	5750	5714	7525	58	6882	3651	6260	6409	2521	9584	3303	3321	6065	4520	2850	1398	6180	1708	7766	8864	6434	9011	722	8127	177	3166	3351	5041	5188	4896	8873	4913	5214	7726	1732	3188	8852	8174	1600	7409	7322	4169	659	4871	1078	5547	6727	7042	4611	824	2088	5811	4042	5424	5960	9166	6415	2044	5394	7820	5735	7131	693	7425	4075	5498	550	4844	
3524	1008	855	3554	3301	8641	1280	5791	6201	1849	3537	232	1495	4482	5095	2260	5753	3430	3280	2876	6909	5730	425	3989	1730	6548	8239	7687	5062	1456	9372	5662	1823	3633	5873	1663	3295	3955	4754	1799	9144	3307	3648	6042	7657	768	2554	1289	3325	123	1120	2228	661	2568	7535	9180	3704	1771	8223	6261	6235	8545	599	1537	90	4737	448	6582	8468	2263	8534	4010	159	5317	134	8190	7451	8422	4792	1395	4524	3692	9188	606	633	6555	5183	9420	6412	4966	7586	8799	6111	7723	8875	6040	7595	5406	
6960	822	2100	928	9505	5030	3115	2050	723	4968	4054	4926	4240	1394	5724	2548	1793	375	4156	9407	3992	3110	4238	1242	5709	552	6677	7758	2156	4618	6224	2142	1496	3060	9002	4262	6857	806	4977	1080	7892	7808	3829	8384	9055	5155	3947	2093	1392	5794	8128	1340	4345	6842	5581	1876	4029	1603	8933	4477	4961	5065	4164	8394	2541	8804	2679	7383	516	3415	4984	1577	8897	2131	200	171	6249	7398	2663	8790	9045	9106	9168	8292	2030	2537	3424	7043	1832	9441	7290	4700	9415	4777	2864	5519	6052	8007	
5026	7311	8710	8	1144	2877	6368	380	3643	5925	2372	8964	5698	2791	5515	9083	7276	7536	6578	4803	7922	8383	6107	6560	4074	8425	5672	275	4751	5194	4570	1279	4469	9	3702	7629	2622	5434	9141	3282	3585	1524	5198	638	4605	786	6940	4005	4653	457	3593	9012	1941	9346	584	3693	5927	5943	4696	5470	5111	2884	7926	5310	8417	3986	873	2833	5661	2945	4337	8481	9524	4723	1155	8709	8926	6740	6542	3658	2438	963	5176	4817	7993	7975	5712	2152	5055	1523	9308	5872	6991	6274	2386	5900	8662	3423	
2385	1130	3376	6985	9545	6427	4616	6631	8338	7634	5682	3589	5721	6364	3963	2061	7217	2801	5696	7959	4591	4836	3462	4816	5593	1149	9398	6767	8158	3787	9159	1463	5616	4637	1864	8501	2927	5820	2726	1870	3792	6314	185	4222	4149	3931	6790	7433	6914	3960	7094	6867	8715	8129	730	1922	5595	3636	6416	3418	2603	1291	2353	3308	2190	9208	3559	5009	6365	3895	5667	5942	3036	2118	7393	4802	5430	7598	3749	4647	1635	444	7776	5341	775	9271	1786	8764	8763	5876	7849	1803	533	8979	6420	148	687	4098	
5805	6785	4564	8958	3843	1929	7879	5543	8565	8063	5541	8674	2280	6776	3271	5379	5126	1695	3137	6425	6469	3925	313	2741	1617	4228	6346	5982	2284	3961	8370	209	5695	5197	3059	3068	5338	1145	970	9212	2565	3830	4655	7817	582	3245	4215	5383	6351	4806	6	1160	643	2840	2638	8798	73	3220	5611	5853	603	9433	4216	785	4043	2419	2942	2180	9006	3773	7615	4153	6669	1765	1726	5003	9368	825	8989	3497	3781	5946	4861	2937	2946	736	1251	640	8618	7350	4263	847	6227	848	8035	5575	6453	1694	
2291	3836	5045	2167	5145	2124	9016	5262	8542	1772	2189	5855	1194	4568	7051	9459	7909	8850	4052	1629	2510	9121	1334	728	7930	255	3824	1188	4273	2470	596	7319	665	7363	6177	6150	7235	2831	903	8347	7138	408	920	6708	7329	9400	914	4967	5344	7618	3729	4137	1561	1499	5209	7484	6488	5701	6442	9177	8311	5567	5884	2923	3244	2549	88	2363	594	6736	3748	7565	25	2931	4529	204	2351	6752	4023	1560	589	1857	2485	4851	3189	6259	9539	4903	4715	386	6685	4017	8573	1762	8082	2342	3273	7196	
7392	2235	8827	7421	2132	1469	1107	1844	8491	3929	1689	4394	9357	6788	8936	8461	2591	5967	3408	8963	3487	2770	7545	7032	7950	9494	1121	2913	1408	8576	5469	5278	291	2007	4127	4229	6181	6594	5490	5075	2082	8160	9476	2076	6309	8493	3441	9010	3736	8090	5076	8125	5437	1403	5869	9600	8884	4530	3428	2971	540	5802	1478	5103	6588	6373	9598	8367	384	6897	7238	2560	1581	7578	2086	8622	837	1176	8629	4309	7603	5032	7252	5266	4633	7417	4235	9252	3381	4467	6119	2769	231	823	1674	4934	6452	9575	
5457	8938	1571	3640	9175	3267	2458	1190	388	4938	3139	461	5890	8741	4521	5078	9463	6666	7353	2329	1976	3114	673	4471	2695	1815	7031	5072	6903	5865	5280	1208	3311	7599	300	7323	1211	5012	721	2948	6267	6385	6094	8413	71	51	2315	4498	5675	7184	3207	6277	8002	7321	3296	4415	3377	4086	8819	3203	3217	8840	8322	6333	5265	3196	3573	1980	459	8599	3097	1636	446	5202	7411	3646	1185	5685	2348	4941	5800	1768	8267	6451	7379	1470	9262	4500	6697	7594	8567	181	7013	5005	278	3726	4144	8051	
8423	4580	2999	2532	7113	8593	3352	489	94	5686	5347	239	5312	3252	1118	5938	5059	5659	3889	6386	6006	6041	6993	7528	2885	6280	9171	6192	2314	4088	7292	653	7905	6461	5402	429	6739	1781	7499	127	1733	3870	4646	428	9345	7280	3187	9285	6190	5739	5092	8609	2475	7403	5087	8180	8076	4287	3488	8420	117	3253	480	4981	6973	342	9396	270	7931	683	8777	8061	128	6517	7838	9499	208	2298	7951	579	9203	6306	5393	5533	7935	3452	2090	9120	5833	2966	2513	2503	5851	9098	7466	236	7573	1715	
836	9284	4994	215	8001	7427	2827	1696	4515	5048	8131	1736	9229	3242	5284	9289	9447	1362	1737	9475	2675	8598	7050	31	4630	3425	1305	8747	1676	1842	1389	4784	3069	9034	1115	1552	6781	9311	4736	3934	8965	5816	3095	1693	4519	1413	4474	4183	9373	3261	6749	1763	5456	7827	4929	3080	5766	6610	1102	7272	2274	7894	3419	1295	7142	2681	3474	5093	7069	1084	4103	4985	8818	4809	3369	4974	5426	948	3869	1313	767	8221	7691	2662	7110	639	6018	5201	7020	2462	6296	161	5544	4931	8554	976	6554	4259	
702	2514	469	9375	5962	9496	1088	8165	4453	7570	7091	8698	5928	6237	7066	8021	9082	2459	2418	7008	4363	4361	7172	6577	2264	4124	1165	3353	2711	6484	334	9570	6947	3094	8016	8183	6969	8730	7621	2368	5546	4096	7330	7342	3236	5578	8014	3405	1269	3743	4697	2934	9048	3317	6142	5866	5892	8123	8734	2234	701	7119	2219	2415	4767	8455	2494	2009	7244	8251	6822	2748	3775	7718	1128	2544	6331	7325	5768	2767	7084	9085	1604	8246	6320	4395	5276	5034	2803	260	3912	1563	7568	6748	3125	4770	8794	713	
8571	6890	6537	329	240	4297	510	4867	8133	812	8519	8842	937	3300	1323	6587	3664	5554	4699	2582	5957	6845	6777	412	4538	6080	7875	3508	1135	2915	3393	3563	6965	1949	3872	2906	6528	5788	8566	7139	8522	1223	2080	6010	7248	7366	4322	3750	8781	3808	83	5044	5052	4986	7895	9338	6655	5615	2034	827	3258	8141	1086	7978	6519	4070	2186	4558	7057	5006	4452	8724	7556	2218	109	1531	5150	7300	7853	2032	1813	85	6810	7667	4106	7756	3161	615	7738	26	8927	4143	4659	2327	7885	5484	6095	4619	
5841	1304	5781	4412	2304	2169	7514	3128	7294	3988	1490	482	3900	9263	8392	766	6716	6995	2487	4142	2995	3237	9381	8971	7708	2933	8256	741	1422	3698	6319	7474	8151	1328	2590	6171	1243	63	7733	4919	7563	7724	9068	9071	9427	6183	8845	8731	5463	1938	5187	7616	1871	1921	9267	70	9217	6641	8020	6447	8707	7224	4750	8558	5239	8663	2750	810	8857	6923	6115	8155	5040	7706	3723	9219	3660	4752	7564	8385	1276	8999	3056	1199	5225	1021	5931	5782	7488	9274	8778	2404	955	2653	938	5706	9506	8229	
6694	2944	3382	2624	6674	2060	5527	3616	5502	8167	3883	5944	7531	5122	1417	6233	5007	6196	7755	6069	2869	6953	8578	5232	9312	5389	2708	4401	2740	2254	4629	7247	1492	4971	7154	2720	5419	2640	9053	3716	9100	8146	2870	734	8748	4804	6378	7998	7640	5199	9412	4601	7622	9442	3837	811	4631	6710	6121	3879	8031	5787	7457	5517	376	1434	1615	8568	6450	5190	9128	6742	4499	9001	4998	9366	7245	6399	1031	6344	6262	6105	8495	3022	4702	7685	6379	3906	2498	8195	3265	7491	7166	2674	6689	5286	4255	4764	
5205	2846	9418	2595	367	6394	2049	3862	3046	8039	4239	2531	4008	9091	1519	941	3719	6885	866	1425	2358	1907	1356	2054	5744	4396	3219	6571	3577	5464	9201	1466	8668	324	5777	7116	7469	7751	2677	7391	6868	8987	6994	835	8379	2526	1409	5548	7282	4537	6369	7584	4264	4348	6952	2	3902	5220	3763	7964	9348	3458	4742	7644	7639	5773	7962	5142	8505	4048	2909	9332	4	6569	623	263	3712	6778	5550	4002	3233	746	7656	5252	3629	2177	121	4621	2985	7225	4642	6593	6149	5979	9038	9538	724	2078	
8169	4343	463	6247	9533	9099	30	9186	692	8110	6627	8297	850	7954	451	4991	5300	7145	1752	747	7763	7547	6718	7786	9542	4829	8547	8789	4057	3999	6962	8973	2410	6818	9564	5448	8047	2506	4139	6907	8121	1774	18	8893	3541	5275	8569	5762	523	2128	2530	1064	1329	5290	6493	5493	1616	8187	7014	3091	4799	7216	8100	1508	8252	3891	4892	5488	3521	5460	514	5658	7911	2411	9130	8478	7373	170	5650	9076	1396	6750	5302	2191	6601	8427	3741	3113	3438	3	4973	8411	3092	6021	4423	1545	4662	7540	
8922	961	4813	7354	6878	9479	8496	7061	4327	4148	7220	194	3753	8977	5634	8518	5676	362	3534	5836	2655	4545	5362	9501	4277	5673	241	1376	5874	2658	2029	3160	1546	1238	7497	5953	7380	595	5507	1639	8656	3933	3868	1226	3354	6658	7260	8770	3499	6263	8895	5749	1778	9200	3401	2605	7916	7559	783	1004	5628	7518	4015	525	7985	9331	1719	6831	1972	2277	4747	9161	6024	2705	8019	4489	6638	6665	4957	1666	9595	2103	2063	6406	4818	6887	1518	8364	8605	5268	9299	4210	5269	4303	1358	317	1319	6391	
8749	4731	6067	6176	4643	6336	5716	9574	3156	7187	7021	4378	3653	7956	3730	6512	4769	2428	2889	5723	5796	1898	3847	7821	7107	3143	9572	5632	1790	8264	8816	2027	4312	7572	3058	2578	8065	6318	7502	9230	7162	821	8157	7668	8059	8426	1707	2952	759	3876	921	439	4313	5837	60	1058	1117	1100	5551	1310	3746	531	372	4105	669	1596	3468	7009	3897	6490	1140	7495	3400	4955	598	7825	5854	666	710	6301	9387	8843	7811	8480	1055	9403	4034	8889	1259	8107	5599	6104	3745	3756	857	912	6140	919	
4544	2596	6062	4038	4890	5167	5520	9107	4166	797	3505	8054	8382	9224	8949	1447	3016	6760	8886	5335	6223	6825	7422	8333	842	4774	2779	8947	8853	7744	513	3473	7602	2841	4168	421	635	9158	48	6243	6683	4757	1711	4458	404	4671	2021	4333	8452	5133	9256	2807	5089	8784	5588	6884	4358	2478	2209	1575	2442	5984	3998	5208	8044	5703	5839	5708	2739	6667	1721	125	16	1227	2584	7	5580	7191	1095	2270	8524	7055	8336	7650	4339	1960	4838	9569	2665	1539	2686	8954	3671	6388	5651	8464	8095	8697	
4036	2155	5729	843	106	8357	1406	3395	14	6584	8538	145	5350	5518	1029	2939	5822	798	1081	4607	7757	5418	2480	8176	9509	3476	5210	2888	8032	7088	7526	2657	9364	3935	7309	4026	5079	9007	9599	5830	997	8706	5272	6895	252	3071	7295	3104	113	8094	7183	1564	3371	7519	3841	4352	8921	8189	5301	3637	4609	4460	9222	4511	79	2369	8591	2796	6956	4030	4495	9108	7163	2143	7017	2646	6246	4675	6106	5195	1700	3356	8391	9527	5186	726	7941	9067	1860	1874	1134	3165	5511	2395	6049	3682	2046	4976	
6726	40	7784	4900	9429	3225	8139	6317	5443	3865	5293	3896	9092	8308	9237	6169	8159	5522	8362	3518	345	8377	8498	4242	110	6086	6418	6292	5684	1336	279	879	8928	503	2635	7367	5711	7765	4310	8404	6340	9405	8548	7434	1439	865	6714	84	4613	3522	116	1331	4206	3751	4540	2115	4791	7214	3815	3406	1550	2829	6559	4561	2766	9426	7378	8919	336	8396	7068	8353	4200	7840	9486	9573	839	7356	8946	1024	8326	6297	5500	5607	9397	5367	4992	8847	5057	9248	2444	1122	8825	3969	6864	799	7243	7945	
1213	4821	9258	1245	4982	689	2680	8521	1265	2667	7002	5767	8532	6870	642	2111	4167	7305	3394	7361	6545	1856	4383	841	8453	2865	2559	543	3543	804	4151	4332	192	2518	3331	4254	7555	618	1734	3239	7947	5722	2911	4693	3951	156	1034	826	187	5240	9340	1926	1033	4920	1660	5734	52	7400	1275	5054	4338	410	3504	4725	8520	8619	5031	6444	6766	3764	6348	9269	385	8806	9074	8887	6775	5459	4292	1880	5228	4179	7719	5291	5069	6396	3363	5436	7076	703	2148	8459	5642	6408	277	6883	4999	1387	
4678	3108	8959	6717	4509	7770	2756	1354	1764	7137	7047	2347	2980	59	4248	5361	2861	8254	1974	8775	5236	6458	3235	3298	8614	6137	3374	6773	5375	308	4830	2617	5343	5149	6607	8365	3421	8057	3996	9304	1526	1224	4323	547	1351	9468	3581	8274	3124	1979	4481	1481	4187	8359	2842	7274	7869	9522	5164	6724	7788	784	5439	7207	627	9279	5617	7186	840	4786	3004	9162	5964	1424	5328	6621	486	8905	5681	7419	7953	3021	7041	3133	6298	8639	6797	7436	4084	1187	8733	4951	7789	883	1491	8224	7529	5113	
1602	290	2845	749	4869	2087	5357	7381	3813	9023	2481	7038	6400	8597	7741	370	1987	4409	4296	6455	7503	1222	3856	2910	221	8371	4060	2857	3492	3822	3420	2901	8738	9422	494	8637	2456	7467	3232	9329	7371	4964	6941	9008	4472	5298	6433	9073	3532	8595	3595	441	5537	3002	4908	7674	7452	76	3320	8809	2752	9039	6166	4805	9132	671	4824	7090	3855	4735	8015	2984	8064	7053	8177	7046	2816	2607	7211	1420	6482	1113	8277	4217	624	2297	8907	4379	5817	1418	7773	5939	860	3085	8672	1003	9182	7630	
1266	2495	2751	6431	4684	7830	6618	5342	3304	896	6304	38	4888	9290	622	3690	7303	8003	8361	5056	2797	1913	1743	1789	4227	5582	9240	1089	248	8972	1884	1438	6513	8557	6293	7798	2511	6646	2528	1373	5775	6030	6179	3516	8285	7259	5392	1338	4293	7920	8369	5505	6500	3426	7106	9046	3332	3784	6191	745	5747	173	8041	5474	5271	8235	2673	8722	5761	8068	7848	6448	254	8266	2606	8444	8880	394	5237	2042	6152	7384	731	7004	5649	2973	4037	7936	7846	8008	5600	2222	8210	5738	9327	6964	6015	9413	
418	9241	3978	4177	5102	6617	4988	2420	8341	6664	3558	9434	2623	7609	8510	4007	6523	9282	242	1621	2144	8925	5025	3119	6174	3780	4604	4173	2982	7399	2583	198	9454	9483	3272	7372	2059	3281	6553	927	3054	8484	4370	6090	5861	6799	2794	8193	7108	405	2045	8654	7332	4271	4090	6460	190	4953	5806	8592	5699	4753	8339	4065	9309	6591	8821	7992	8997	8914	9510	1106	6494	46	5004	6123	5105	2198	3700	2696	551	7480	6981	3675	3816	4494	5182	5736	4100	5131	6966	6706	229	1824	9259	4058	6114	5586	
3154	5694	7901	4301	1292	8466	6109	8877	1407	6175	5101	3367	1942	8373	2639	3834	411	7569	4004	4150	6511	7928	705	5297	556	5824	4428	5477	3672	743	4502	1514	6029	923	4776	6213	4593	7717	3725	2422	8679	1168	3089	2051	6805	5568	9341	8048	8807	9019	678	2704	318	186	2402	8638	5170	7100	5018	8278	5633	7653	7431	1320	7641	3821	3959	7631	5807	2569	7024	864	8375	7336	6701	9049	5831	9597	2687	6959	3453	7104	8504	3911	4566	6059	3850	7394	8055	8879	8040	4602	294	3705	5819	8652	9529	9216	
2922	8257	8993	1962	6911	8580	6586	3480	9110	5465	6300	364	4128	4812	6439	1235	7429	4808	8097	1517	9105	1359	1090	1900	5080	6807	5360	6670	8192	8162	7455	6558	7023	379	3210	1372	1940	6170	2383	7218	2781	274	1837	6552	9301	1159	3335	9477	6919	6661	400	3877	8739	3212	4199	3860	4113	7351	7054	2882	1547	8260	8667	6596	5889	7974	7448	2178	1210	4663	4676	3195	1993	6160	424	7331	4567	9116	5605	8615	9214	5573	2955	7352	5125	4720	1686	2886	2743	2557	3984	4505	3008	4109	6324	8253	5282	8454	
1212	6228	47	5359	2281	5868	6423	2447	2307	3250	4031	8860	6120	1826	7505	351	6315	5417	6013	9206	8866	931	6468	39	9440	6211	3208	396	5151	5450	6997	6615	5959	8683	9382	4247	5643	3861	7679	2136	7412	1127	6668	4721	5082	4047	6644	7722	3941	6509	1573	1325	5144	6635	3228	9277	5250	8025	3179	9232	4626	6093	8659	2056	6335	4053	4862	7060	9220	2112	4550	2795	5961	2577	3027	9184	4532	5425	8834	7349	6495	5016	975	8856	5303	4422	5404	1551	6725	7143	1225	7898	6311	6841	9514	8134	7938	5742	
1050	2574	8451	6931	316	1257	8275	8941	6927	7965	7006	3355	427	3443	3035	8077	7887	8885	8579	7793	5177	3342	6159	7805	2460	7030	4882	7672	19	2699	5127	7115	2098	6801	7822	7576	4405	6894	8108	8803	8330	6691	8988	9365	9488	9448	7703	7086	9044	4258	8393	4219	9281	4195	2213	7249	3333	7337	7065	4429	4468	4402	6986	8695	4648	2407	1217	6924	7435	8535	3720	2844	9583	8776	5085	4560	4118	4102	5257	7194	6830	1454	7521	7306	1655	2609	3647	7548	4574	4922	126	4311	7147	5526	5230	4319	5008	3084	
4667	2352	5395	1848	1163	8812	9081	8036	1023	8727	8281	1030	7654	6389	5540	4220	5871	6016	5037	6014	8528	6476	7836	7610	9347	4815	8087	7486	6741	3669	5690	7258	4189	7725	3263	7039	9251	1955	5480	649	4368	8447	5475	3908	1433	9374	3386	8111	7745	7655	2772	3614	6980	5612	7520	4513	4883	8225	8184	6003	3514	3945	1647	1429	1911	99	6000	6464	4533	4249	6728	2489	2757	2669	6200	7523	3074	4066	6240	4962	6925	3609	1947	4205	9559	981	8191	3168	4730	1060	2983	4978	5514	9328	3149	4321	4316	9349	
4636	7994	5789	4491	82	4011	2849	8773	4719	5591	5545	6613	2762	6457	2150	6561	3032	4076	5803	592	3990	7490	6647	8985	5377	6987	9160	9594	3610	2146	6920	4685	9122	124	6629	3697	876	8220	1402	7580	5774	8079	9576	5315	6232	7159	532	6323	9512	3899	4945	4184	4425	8774	9508	2826	2512	5467	8280	8536	6913	7961	8247	3116	1618	5728	4246	719	9601	8910	2957	9552	7772	7320	9377	2998	8492	6816	2292	6164	6403	4355	8570	4508	176	1814	4897	1829	8992	319	7240	1992	6045	3463	8186	4133	8648	6092	
7153	7828	4430	7661	4628	1920	8690	7424	1989	9303	74	1741	4174	6565	4760	7346	7659	7925	5001	7375	8152	3770	7256	5945	9003	4353	3964	2643	7465	5168	5579	7913	4516	4413	7396	5454	7141	8331	1702	438	992	1360	9325	7460	2883	2039	4790	9221	4283	7697	7510	1457	6207	6967	350	2597	3099	9419	3359	6212	4989	7881	5405	8485	1103	5700	3259	4879	3061	6709	890	7716	5689	5071	5757	8346	712	343	5512	5922	1609	918	6756	8113	9563	1139	3864	4855	5323	7780	8408	2580	7382	8243	2008	9148	6575	4078	
4526	4660	7227	3502	9358	2255	7019	4214	6984	9176	8961	6812	1442	9591	4300	6951	5877	5878	5631	7544	7203	4901	2697	1419	830	7007	7824	2425	7604	4294	2881	9026	4772	5842	9245	5376	2251	7073	9255	7477	7388	8832	1444	5468	1944	3568	5219	1692	2784	8762	6437	5918	553	3450	1861	5421	8562	1151	9090	9293	6359	9410	6387	5994	3917	4233	4448	6819	1382	9556	7753	7782	6800	9316	4476	2089	6167	6186	4587	4603	7662	7022	8948	4745	4921	7711	4918	6538	9521	6242	3326	6098	5283	7288	1032	5915	6889	5333	
4253	6305	4840	8303	5840	2717	5180	474	1108	6958	4925	7588	6264	8805	5432	7389	5997	9030	8980	6930	5292	207	5238	4275	5776	1889	7155	7608	6847	6850	707	5431	1303	7698	5449	5646	5602	8083	9404	7566	1853	7999	7358	479	6939	6405	6205	1070	4417	5226	1558	4707	8490	4360	8099	2917	6672	8387	7407	3005	1507	5358	6600	7558	9588	6574	5863	8441	8419	7438	3429	5427	7317	4461	647	9278	5562	7813	8218	9125	6496	8029	4525	5850	8586	4877	5564	7472	7606	7231	6001	6036	9033	8940	9411	6216	6254	6381	
5279	4434	4386	7812	7873	5189	6869	8796	6968	7816	8689	6866	4152	5710	8406	8944	7146	3010	5352	4691	7764	2545	7597	7712	9211	8482	7814	2527	6522	6102	8093	9235	4565	9592	4910	4610	6834	6891	5665	8053	727	3958	7582	3580	3565	5895	8523	4746	6413	9452	8439	6859	9104	3936	5971	5116	9363	4734	4724	8705	7446	103	682	7768	8657	8012	8458	6341	8526	8982	2283	9196	8990	8401	7208	4690	8836	4160	8655	5340	6350	7340	3980	7664	4182	9370	9194	5881	4211	5867	8328	4132	9425	8934	5147	6688	8304	6285	
