12
143	65	16	15	60	11	120	38	107	90	6	59	
34	58	5	13	124	86	140	139	118	98	25	95	
42	67	73	135	27	68	123	71	142	14	84	4	
66	137	92	47	33	37	88	77	64	96	100	35	
28	0	32	9	44	26	56	129	52	102	63	70	
74	99	12	104	49	29	94	1	23	85	113	40	
17	87	3	127	69	117	62	22	81	126	30	10	
116	112	79	125	20	136	134	31	39	115	131	41	
75	109	130	54	97	82	91	106	19	121	83	105	
80	45	7	46	8	110	128	122	133	93	138	132	
111	101	76	108	36	24	103	141	119	48	78	57	
18	89	114	61	21	51	72	55	50	2	43	53 
16	65	53	2	60	11	120	38	107	90	51	59	
34	58	57	13	124	86	140	139	118	98	25	89	
40	67	73	135	27	68	123	71	142	14	84	4	
66	137	92	47	33	37	88	77	64	96	100	35	
28	0	32	9	44	26	56	129	52	102	63	70	
74	99	12	104	49	29	94	1	23	85	113	42	
17	87	132	127	69	117	62	22	81	126	30	10	
116	112	79	125	20	136	134	31	39	115	131	41	
75	109	130	54	97	82	91	106	19	121	83	15	
80	45	7	46	8	110	128	122	133	93	138	3	
111	101	76	108	36	24	103	141	119	48	78	5	
18	95	114	61	21	6	105	55	50	72	43	143