12
113	49	55	5	61	30	44	96	79	46	41	94	
128	69	52	98	26	9	105	2	24	4	126	28	
0	6	130	67	20	62	99	122	85	137	136	111	
54	48	100	101	127	15	119	114	40	117	110	56	
92	91	78	133	57	118	34	81	27	138	33	139	
22	86	121	23	7	66	43	45	71	107	68	32	
125	13	8	106	14	29	131	74	112	72	115	47	
129	103	17	97	83	123	50	25	12	75	84	88	
10	82	104	65	37	142	102	124	134	95	76	19	
89	135	59	3	77	58	11	70	143	120	42	38	
116	132	93	39	35	64	31	51	1	73	109	80	
53	21	108	90	36	16	63	140	87	60	141	18 
1	49	55	141	61	30	44	96	79	46	41	90	
128	69	52	98	26	139	105	2	24	4	126	28	
110	136	130	67	20	62	99	122	85	137	6	111	
54	48	100	101	127	15	119	114	40	117	0	56	
92	91	78	133	57	118	34	81	27	138	33	9	
22	86	121	23	7	66	43	45	71	107	68	132	
125	13	8	106	14	29	131	74	112	72	115	47	
129	103	17	97	83	123	50	25	12	75	84	88	
10	82	104	65	37	142	102	124	134	95	76	19	
89	135	59	3	77	58	11	70	143	120	42	38	
116	32	93	39	35	64	31	51	113	73	109	80	
53	21	108	94	36	16	63	140	87	60	5	18 