19
   0 301 453 858 601 869 438 620 378 317 683 742 170 645 846  62 254 478 870
 683   0 656 319 485 959 718 606 529 757 423 143 111   4 619 832 780 859 784
 938  47   0 580 941 493 559 716 421 437 650 483 579  55 700 847 842 493  19
 258 947 289   0  74 355 643 511 947   8 237 752 677  58 365 955  73 387 851
 411 336 552 333   0 700 974 786 565 245 396 456  77 208  33 488 388 130 253
  15 414 947 792 985   0 962 749 708  77 413 564 184 434 774 828 993 665 506
 933 647 977 378 596 920   0 899 270 300 589 375 883 879 749 308 326 409 282
 879  95  39   3 844 545 676   0 129 759 684 158 898 458  35 356 997 187  62
 741 489 193 327 934 618 822 717   0 538 873 713 351 696 498 940 579 435 125
 144 656 120 181 296 299 102 274 564   0 282 235 876 236 555 258 994 748 694
 968 833 695 378 821 930 517 699  89  24   0 479 422  25 700 293  55 746 939
 167 635  84 496 234 533 387 904 106 251 754   0 460 943 554 605 586  87 919
  11 407 122 324  82 494 486 182 204 422  68 377   0 567 714 662 714 281 197
 642 804 769 677 682 488 999 297 636 749 952 708 960   0 157 378 702 919  22
 683 704 701 900 230 554 343 402 417 993 811 474 670 715   0 803 371 877 685
  23 302 856 589  88 449 563 115 514 961  44 434 231 712 505   0 752 878 469
 233 996 170 399 428 893 522 303 150 687 489 667 686 663 557 621   0  28 200
 657   8 670 503  58 292 517 592 522 441 621 873 740 670 898 322 421   0 640
 441 727 931 728 716 603 640 679 987 358 434 436 774 601 390 639 956 880   0
