19
   0 803 775 435 925 639 156 205 963  76  29 543 569 516 802 763 801 375 439
 570   0 793 598 125 387  66  61 693 614 204 744 673 194 646 660  55 911 564
 102 521   0 767  31 217 172 247 749 216 227 570   9 909 481 963 260 536 632
 105 589 287   0  41 854 401 699 867 741 283  66 597 679 469 580 622 127 859
 315  25 364 844   0 532 309 160 540 565 686 877 608 585 672 170 973 586 143
 470 955 327 443  57   0 963 414 875 796 880 395  38 294 556 924   9 423 884
 671 122 963 984 115 238   0 113 101 767 191 910   4 499 301   9 809 437 871
 814 453 692 602 509 138 644   0 272 139 189 272 173 857 716 582 336 808 230
 913 215  90 238 938 608 854 833   0 423 511 409 180  25 373 396 767 197 682
 298 679 131 137 595 515  72 850 593   0 255 254 595 979 543 677 659 977 397
 538 545 137 803 446  84 374 794 173 588   0 561 580 139   6 211 674 361 951
 775 858 127 443 706 762 596 857 678 731 436   0 320 124 828 229 511 136 699
 544 649  75 796 382 942 611  36 611 720 131 542   0 407 115 214 868 976 871
 823 978 123 340 900 693 749 703 604 414 628 725 415   0 238 530 471  94 407
 776 181 717 591 513 124 738 213 480 679 455 479 942 589   0 105  19 306 816
 376 396 918 954 966 186 517 306 737 813 789 894 145 903 491   0 678 852  14
 814 766  37  72 756 550 563 136 205 776 507 232 122 220 146 541   0 459 115
 618 405 447  24 853 279 271 645 209  50 365 404  43 139 364 293 465   0  55
 344 425 898 219 371 584 495 825 319 168 286 168 732 853 697 992 885 890   0
